1.764052345967664026e+00
4.001572083672232938e-01
9.787379841057392005e-01
2.240893199201457797e+00
1.867557990149967484e+00
9.772778798764110153e-01
9.500884175255893682e-01
1.513572082976978872e-01
1.032188517935578448e-01
4.105985019383723289e-01
1.440435711608779867e-01
1.454273506962975082e+00
7.610377251469934157e-01
1.216750164928284139e-01
4.438632327454256621e-01
3.336743273742668325e-01
1.494079073157606130e+00
2.051582637658008745e-01
3.130677016509013644e-01
8.540957393017247767e-01
2.552989815834078691e+00
6.536185954403606058e-01
8.644361988595057333e-01
7.421650204064419443e-01
2.269754623987607633e+00
1.454365674598764757e+00
4.575851730144606805e-02
1.871838500258335980e-01
1.532779214358457542e+00
1.469358769900285022e+00
1.549474256969163022e-01
3.781625196021735635e-01
8.877857476301127537e-01
1.980796468223926965e+00
3.479121493261526088e-01
1.563489691039800511e-01
1.230290680727720742e+00
1.202379848784411287e+00
3.873268174079522730e-01
3.023027505753355659e-01
1.048552965067092613e+00
1.420017937178975176e+00
1.706270190625012617e+00
1.950775395231789666e+00
5.096521817516534991e-01
4.380743016111863786e-01
1.252795360049926199e+00
7.774903558319100627e-01
1.613897847557951515e+00
2.127402802139687077e-01
8.954665611936756253e-01
3.869024978592620068e-01
5.108051375688730245e-01
1.180632184122412109e+00
2.818222833865486818e-02
4.283318705304176577e-01
6.651722238316788716e-02
3.024718977397813924e-01
6.343220936809635946e-01
3.627411659871381255e-01
6.724604477759510424e-01
3.595531615405412884e-01
8.131462820444540496e-01
1.726282602331676852e+00
1.774261422537528332e-01
4.017809362082618851e-01
1.630198346966044598e+00
4.627822555257741777e-01
9.072983643832421841e-01
5.194539579613895175e-02
7.290905621775368717e-01
1.289829107574106681e-01
1.139400684543300679e+00
1.234825820353652626e+00
4.023416411775490031e-01
6.848100909403131986e-01
8.707971491818817800e-01
5.788496647644154613e-01
3.115525321273726611e-01
5.616534222974543800e-02
1.165149840783356483e+00
9.008264869541871001e-01
4.656624397304598428e-01
1.536243686277223741e+00
1.488252193795599698e+00
1.895889176030583156e+00
1.178779571159650708e+00
1.799248358123509139e-01
1.070752621510542513e+00
1.054451726931136646e+00
4.031769469731796285e-01
1.222445070382427446e+00
2.082749780768602954e-01
9.766390364837127525e-01
3.563663971744018832e-01
7.065731681919481533e-01
1.050002072082047849e-02
1.785870493905835188e+00
1.269120927036199165e-01
4.019893634447016528e-01
1.883150697056254375e+00
1.347759061142446368e+00
1.270484998485733596e+00
9.693967081580111556e-01
1.173123405114159912e+00
1.943621185649292649e+00
4.136189807597473456e-01
7.474548114407577604e-01
1.922942026480384703e+00
1.480514791434424327e+00
1.867558960426569881e+00
9.060446582753852729e-01
8.612256850547025389e-01
1.910064953099033680e+00
2.680033709513803819e-01
8.024563957963951610e-01
9.472519677737479826e-01
1.550100930908341890e-01
6.140793703460802888e-01
9.222066715665268033e-01
3.764255311556294337e-01
1.099400790584194487e+00
2.982381742060559726e-01
1.326385896687030330e+00
6.945678597313654778e-01
1.496345403276707620e-01
4.351535517216374438e-01
1.849263728479341840e+00
6.722947570124354622e-01
4.074618362411104311e-01
7.699160744453164007e-01
5.392491912918172536e-01
6.743326606573760706e-01
3.183055827435118251e-02
6.358460783788809634e-01
6.764332949464997302e-01
5.765908166149409375e-01
2.082987555779948763e-01
3.960067126616452771e-01
1.093061508730505782e+00
1.491257592705605539e+00
4.393917012645369158e-01
1.666734953725290402e-01
6.350314368921063934e-01
2.383144774863942050e+00
9.444794869904138412e-01
9.128222254441585859e-01
1.117016288095852961e+00
1.315907410511521158e+00
4.615846048147089764e-01
6.824160532463123541e-02
1.166321709271556628e+01
1.325524517795155965e+01
1.623228357057296378e+01
1.949746541783999021e+01
2.113101643134126206e+01
2.487532009618234241e+01
2.443477013598272407e+01
2.598185128008996969e+01
2.818035599776393596e+01
2.950196754930769671e+01
3.321850774814101470e+01
3.344557442546960147e+01
3.371789468298566561e+01
3.347326762696477687e+01
3.655150511911579514e+01
3.566039021225715544e+01
3.601850884520828799e+01
3.960677521694939429e+01
3.954703310379091619e+01
4.092085882378081862e+01
4.104955136177562025e+01
4.228146096631865447e+01
4.143222523170148008e+01
4.167407016634078332e+01
4.398286470750355903e+01
4.306001473474877628e+01
4.370639598309602292e+01
4.444435613776995808e+01
4.539368437717876503e+01
4.547176303830491406e+01
4.487437302597069078e+01
4.600399675592951354e+01
4.479786862981055862e+01
4.799610858033523186e+01
4.609490241524053289e+01
4.689561666057154810e+01
4.833259589755421359e+01
4.779908140165507291e+01
5.031800818843553458e+01
4.769693794594011393e+01
4.945038137878093210e+01
4.931656789878476843e+01
4.833948168020505420e+01
5.016197124449518441e+01
4.957782552410875354e+01
5.061153372872211520e+01
5.073342300783485115e+01
5.212321993646787632e+01
5.132652694923634584e+01
4.963081816205755814e+01
4.975061982222402435e+01
5.105964358307429762e+01
5.056518258459371395e+01
5.047987470360603623e+01
4.813241581102016653e+01
4.961436845956449559e+01
4.876954426874056026e+01
4.963577531605550774e+01
4.908518011978878803e+01
4.989997376375615090e+01
4.909221180822009956e+01
4.932497236015536402e+01
4.781401172155729995e+01
4.705555374408174885e+01
4.728691037764473748e+01
4.735385671544660369e+01
4.740042351759007033e+01
4.890692410945325719e+01
4.620706716772806999e+01
4.486981194906562109e+01
4.503022344245432151e+01
4.443629266664120081e+01
4.487742723461968808e+01
4.232262738447798966e+01
4.336453218342226279e+01
4.286481954609062228e+01
4.231543186120190114e+01
4.082731428545059771e+01
4.049290197909659383e+01
3.857593909101746732e+01
3.873677060850386766e+01
3.787588394858037333e+01
3.797932998824732209e+01
3.550442312782480769e+01
3.648834024442424351e+01
3.619318769028631522e+01
3.156035841658693997e+01
3.292241234932194516e+01
3.196588372935427458e+01
2.936256297444776919e+01
2.822090422817957389e+01
2.699643935491411639e+01
2.521691076494441930e+01
2.343967120502871282e+01
2.011849091137339229e+01
2.074824950704854132e+01
1.813834070126879894e+01
1.318663574079579703e+01
8.483450043263685458e+00
5.210648764527585630e-01
5.757879698130661250e-01
1.419531633207796739e-01
3.193284171450951892e-01
6.915387510701865859e-01
6.947491436560059297e-01
7.255973784635842971e-01
1.383363955395055411e+00
1.582938397335081904e+00
6.103793791072051889e-01
1.188859257784028900e+00
5.068163542986875436e-01
5.963140384505081215e-01
5.256729626954628753e-02
1.936279805846506941e+00
1.887785967938285514e-01
5.238910238342056047e-01
8.842208704466140989e-02
3.108861716984717138e-01
9.740016626878340855e-02
3.990463456401301956e-01
2.772592756426650151e+00
1.955912308250694176e+00
3.900933226879264581e-01
6.524085823870200418e-01
3.909533751876010932e-01
4.937417773491884487e-01
1.161039390343665267e-01
2.030684467781494362e+00
2.064492861359319420e+00
1.105406572324726111e-01
1.020172711715799707e+00
6.920498477843911589e-01
1.536377054245797735e+00
2.863436888922795687e-01
6.088438344754507625e-01
1.045253366146954743e+00
1.211145289682700854e+00
6.898181645347883917e-01
1.301846229564998403e+00
6.280875596415789186e-01
4.810271184607877171e-01
2.303916697683941806e+00
1.060015822721547263e+00
1.359497006783208228e-01
1.136891362602695299e+00
9.772496771485560119e-02
5.829536797532935966e-01
3.994490292628751771e-01
3.700558878475187496e-01
1.306526851735316574e+00
1.658130679618188053e+00
1.181640451285697613e-01
6.801782039968503613e-01
6.663830820319143200e-01
4.607197873885532924e-01
1.334258471402753443e+00
1.346717505797555336e+00
6.937731526901325108e-01
1.595734381462668994e-01
1.337015596684391627e-01
1.077743805976262736e+00
1.126825808756743541e+00
7.306777528648248365e-01
3.848798091812754563e-01
9.435158931707400554e-02
4.217145129057893460e-02
2.868871923899076193e-01
6.162640209564740346e-02
1.073052762911746866e-01
7.196043885517928729e-01
8.129929885540773116e-01
2.745163577239395081e-01
8.909150829955279072e-01
1.157355259190853580e+00
3.122922511256933098e-01
1.576670161638158985e-01
2.256723497298209313e+00
7.047002758562337377e-01
9.432607249694947571e-01
7.471883342046318210e-01
1.188944955203736109e+00
7.732529774025996838e-01
1.183880640193317735e+00
2.659172237996740851e+00
6.063195243593807460e-01
1.755890583437719421e+00
4.509344618059148435e-01
6.840108977372165722e-01
1.659550796189872113e+00
1.068509399316009079e+00
4.533858038513876587e-01
6.878376110286823497e-01
1.214077403094120600e+00
4.409226322925913766e-01
2.803554951845090848e-01
3.646935443916853870e-01
1.567038552723639677e-01
5.785214977288783977e-01
3.496544569931739899e-01
7.641439239064430344e-01
1.437791473801578457e+00
1.364531848102471301e+00
6.894491845499376437e-01
6.522935999350191194e-01
5.211893123011108742e-01
1.843069550156648528e+00
4.779740040404866774e-01
4.796558140079476562e-01
6.203582983435125264e-01
6.984571491073360283e-01
3.770889086269340121e-03
9.318483741143036569e-01
3.399649838012619996e-01
1.568211160255476855e-02
1.609281682982229844e-01
1.906534935813993525e-01
3.948495140334503106e-01
2.677335368939664506e-01
1.128011331470006873e+00
2.804417053162959750e-01
9.931236109295806802e-01
8.416312640736364203e-01
2.494585801609488507e-01
4.949498165009073858e-02
4.938367762809563466e-01
6.433144650629278871e-01
1.570623408633452733e+00
2.069036761639717337e-01
8.801789120807822497e-01
1.698105819432254471e+00
3.872804753950633838e-01
2.255564229402189369e+00
1.022506843635603513e+00
3.863055184018809873e-02
1.656715102321953736e+00
9.855107376841506506e-01
1.471835007463586864e+00
1.648134932207559578e+00
1.642277554873339540e-01
5.672902778526693890e-01
2.226751005151544893e-01
3.534317487571990712e-01
1.616474188651032540e+00
2.918373627478628163e-01
7.614922118116232985e-01
8.579239242923363262e-01
1.141101866657573405e+00
1.466578715574177627e+00
8.525519394612319779e-01
5.986539369229860741e-01
1.115896985960394439e+00
7.666631816450860670e-01
3.562928174722889141e-01
1.768538450677030749e+00
3.554817927437690650e-01
8.145198224878662518e-01
5.892558918162995457e-02
1.850536710093415305e-01
8.076484876163556592e-01
1.446534699563387871e+00
8.002979493400275146e-01
3.091144447717087962e-01
2.334666615436927217e-01
1.732721186919133238e+00
6.845011068591904113e-01
3.708250012811020735e-01
1.420618051872356569e-01
1.519994860765772726e+00
1.719589307416194535e+00
9.295051114795280789e-01
5.822245913979242626e-01
2.094603071206144751e+00
1.237219142335065775e-01
1.301069541937039942e-01
9.395322938556871506e-02
9.430460873225178231e-01
2.739677167189556339e+00
5.693120534701850977e-01
2.699043549407613707e-01
4.668455460527625167e-01
1.416906113126259470e+00
8.689634868967953674e-01
2.768719058461280302e-01
9.711045704444846161e-01
3.148172045158237897e-01
8.215857120497958022e-01
5.292646299360853623e-03
8.005648034309967853e-01
7.826017516166135224e-02
3.952289826543543549e-01
1.159420516399912948e+00
8.593076697161272648e-02
1.942929380457716626e-01
8.758327615873309213e-01
1.151074684872267218e-01
4.574156062209908113e-01
9.646120137337284017e-01
7.826291558275251248e-01
1.103892990268877522e-01
1.054628463985013864e+00
8.202478373246812060e-01
4.631303293186070924e-01
2.790957643924534270e-01
3.389041252159445405e-01
2.021043561484797468e+00
4.688641879667956314e-01
2.201441285500557843e+00
1.993001968964651927e-01
5.060354096166589516e-02
5.175190425104032599e-01
9.788298593587698715e-01
4.391895218021479308e-01
1.813384292178212842e-01
5.028167006425382501e-01
2.412453679543748564e+00
9.605043816331479967e-01
7.931173627076716359e-01
2.288620040014528456e+00
2.514844150215370111e-01
2.016406627799760098e+00
5.394546333745013911e-01
2.756705345605569568e-01
7.097279658468882424e-01
1.738872677454510907e+00
9.943943913154988934e-01
1.319136876301575612e+00
8.824188185499185488e-01
1.128594064514568451e+00
4.960009463439621902e-01
7.714059486768455320e-01
1.029438828782767157e+00
9.087632459590531120e-01
4.243176209779014885e-01
8.625960113284510955e-01
2.655619092974932816e+00
1.513328082573205169e+00
5.531320642075839844e-01
4.570396066023485471e-02
2.205076557571732931e-01
1.029935283308976546e+00
3.499433645891047440e-01
1.100284338220373748e+00
1.298021972326221185e+00
2.696224052563579665e+00
7.392466628041513554e-02
6.585529668050037477e-01
5.142339659399888241e-01
1.018041875287364784e+00
7.785475594085075612e-02
3.827324300122681433e-01
3.424228053195386978e-02
1.096346845665798542e+00
2.342158013445365394e-01
3.474506524985632727e-01
5.812684768603252339e-01
1.632634526234495231e+00
1.567767724308454014e+00
1.179157930637687812e+00
1.301428071664760822e+00
8.952602728899299311e-01
1.374964066392989848e+00
1.332211654594501749e+00
1.968624689786020232e+00
6.600563201340828856e-01
1.758189532960280077e-01
4.986902749098274801e-01
1.047972155968052821e+00
2.842796708072146128e-01
1.742668780655631133e+00
2.226056809483204779e-01
9.130792180417963699e-01
1.681218215494433510e+00
8.889713580954499150e-01
2.421179609851230041e-01
8.887202573536308048e-01
9.367424635352571416e-01
1.412327706037443065e+00
2.369586905226602980e+00
8.640523004976479182e-01
2.239604058661736730e+00
4.014990550902874933e-01
1.224870564193659694e+00
6.485610634357617810e-02
1.279689173204239472e+00
5.854312042777726210e-01
2.616454457109007037e-01
1.822447837899429379e-01
2.028968407666670581e-01
1.098827793093137967e-01
2.134800489101688903e-01
1.208573653733221231e+00
2.420198298702194994e-01
1.518261170355705403e+00
3.846454231425177617e-01
4.438360931551977862e-01
1.078197303714237831e+00
2.559184666344096470e+00
1.181378601288285868e+00
6.319037580051672931e-01
1.639285724525866295e-01
9.632135592119682455e-02
9.424681192203937519e-01
2.675947462353476802e-01
6.780257815644503694e-01
1.297845790651098730e+00
2.364173817141180134e+00
2.033418170524324900e-02
1.347925422629120407e+00
7.615733882565589585e-01
2.011256681463136964e+00
4.459542645585702625e-02
1.950696971513811717e-01
1.781562855705591364e+00
7.290446587946957102e-01
1.965574007287849145e-01
3.547576931132180866e-01
6.168865543932787743e-01
8.627898917576322380e-03
5.270042084546596728e-01
4.537819126356840149e-01
1.829740411004531442e+00
3.700572191014953050e-02
7.679024077327036846e-01
5.898798207345194999e-01
3.638588099707898982e-01
8.056265075393678199e-01
1.118311924321632178e+00
1.310540115414123297e-01
1.133079879559721892e+00
1.951804101481602105e+00
6.598917297294979445e-01
1.139802455426774053e+00
7.849575212405001112e-01
5.543096265713008952e-01
4.706376581547914162e-01
2.169495699366489894e-01
4.453932508947973101e-01
3.923889981496367363e-01
3.046143054799926642e+00
5.433118913875196743e-01
4.390429576720425442e-01
2.195410283312132504e-01
1.084036620671934514e+00
3.517801106813582823e-01
3.792355335355867552e-01
4.700328827008747878e-01
2.167314705755386262e-01
9.301565025243212492e-01
1.785890920873291488e-01
1.550429345083480959e+00
4.173188210318354852e-01
9.443684908242938603e-01
2.381031478323121231e-01
1.405962916267899265e+00
5.900576458695396820e-01
1.104894050659278315e-01
1.660699811869263298e+00
1.151478731400921579e-01
3.791475628799227393e-01
1.742356197809230567e+00
1.303242754112315716e+00
6.051200840821666649e-01
8.955559855513239853e-01
1.319086397799670574e-01
4.047618120404974928e-01
2.238435633129106928e-01
3.296229821277380512e-01
1.285984007080293035e+00
1.506998398214272061e+00
6.764607323616231849e-01
3.820089555778202195e-01
2.242589342516403406e-01
3.022497304550700314e-01
3.751471166612838637e-01
1.226196191783019085e+00
1.833391992576012541e-01
1.670943032788857252e+00
5.613302044875711355e-02
1.385042735095726001e-03
6.872990371566635170e-01
1.174745464181114751e-01
4.661664260340307453e-01
3.702424407043429233e-01
4.538040410520010615e-01
4.032645401632468096e-01
9.180047698190454408e-01
2.524966270768724264e-01
8.203217972614217368e-01
1.359948541679484313e+00
9.038200727694681302e-02
1.367597239806713549e+00
1.034409886481518104e+00
9.962126403710661604e-01
1.217938511593150919e+00
3.049636378544204329e-01
1.028935492594854173e+00
7.228700756000490391e-02
6.006575576577884990e-01
1.552243180048560767e+00
2.869044880033463918e-01
2.320594275790741623e+00
3.171606262926887632e-01
5.200406145708678096e-01
2.256086544711037867e-01
4.497121002319925398e-01
6.727560892298173334e-02
1.318395869644734208e+00
3.707040032204534374e-01
9.456157955562913831e-01
9.327409107943778199e-01
1.263068349102275389e+00
4.524890926396463731e-01
9.789614541262708913e-02
4.481653626807080570e-01
6.493379277303881203e-01
2.342310502145216952e-02
1.079194728112489177e+00
2.004215715498915085e+00
3.768765208508927378e-01
5.457119740177823752e-01
1.884585844979447700e+00
1.945703083163958791e+00
9.127834941352918063e-01
2.195095557930452634e-01
3.930629339800916222e-01
9.389815726777852589e-01
1.017020991413244646e+00
1.422983496516106117e+00
3.960865849565601837e-01
5.914026678081107935e-01
1.124419184510368153e+00
7.553956956633383069e-01
8.674074113549179454e-01
6.564636749715314634e-01
2.834554505274702318e+00
2.116791021483675372e+00
1.610878403449933716e+00
3.576807186022112894e-02
2.380745351219750283e+00
3.305767562743739951e-01
9.492464735582356594e-01
1.502396569381712732e+00
1.777666954733706284e+00
5.327027919795545019e-01
1.090749734434500073e+00
3.462494476473099714e-01
7.946363210714987302e-01
1.979672899449674561e-01
1.081935218477265259e+00
1.444940199073371678e+00
1.210542994123351646e+00
7.886692545093662021e-01
1.094638374712091355e+00
2.348215259487319018e-01
2.132153410570443608e+00
9.364457258311158494e-01
3.509517686967038308e-02
1.265077838088765949e+00
2.114970127318780146e-01
7.049213525074449205e-01
6.799748442451023500e-01
6.963266538610828338e-01
2.903971008038667700e-01
1.327782695957983039e+00
1.012814862173993524e-01
8.031413873416283211e-01
4.643376914354916396e-01
1.021790585588673084e+00
5.525406734167291889e-01
3.868708468506465437e-01
5.102927396336285337e-01
1.839254943403099418e-01
3.854897603756082813e-01
1.601836048972536952e+00
8.871809418450402607e-01
9.327890415064382656e-01
1.243319384455154886e+00
8.126740421090423716e-01
5.872593793998259759e-01
5.053583172644099397e-01
8.157915419939713031e-01
5.075176016573570426e-01
1.051880102551673968e+00
2.497200391587007129e+00
2.245321648371402024e+00
5.640085350738091030e-01
1.284552297992527237e+00
1.043434914946926445e-01
9.880019424937344086e-01
1.177628962482630826e+00
1.140196300934961604e+00
1.754986153742058574e+00
1.329884223095919860e-01
7.657021944780862954e-01
5.557869640828729807e-01
1.034931456629935298e-02
7.200337593416528126e-01
1.824256655937829930e+00
3.036039044620014171e-01
7.726948371023817375e-01
1.661598291114563697e+00
4.481952844233124678e-01
1.696181572828160622e+00
1.485770335470271673e-02
8.214059370248112391e-01
6.705704503109098935e-01
7.075056975105769030e-01
3.976673458649516990e-02
1.566994710861602469e+00
4.513030371025261167e-01
2.656879749662359180e-01
7.231004937377981667e-01
2.461212524791161690e-02
7.199837301431654124e-01
1.102906212955369725e+00
1.016972745548715973e-01
1.927938451307721623e-02
1.849591246679636480e+00
2.141666562000842378e-01
4.990166379941828878e-01
2.135122384354860847e-02
9.191134448699437298e-01
1.927538490652161707e-01
3.650552165462576659e-01
1.791327548041183659e+00
5.858655113386084662e-02
3.175430939301992495e-01
1.632423302067983251e+00
6.713415461452176825e-02
1.489355962074480288e+00
5.213037482757136853e-01
6.119271927311578096e-01
1.341496725583042560e+00
4.768983689222224265e-01
1.484495813800780772e-01
5.290452383344316223e-01
4.226286217088256469e-01
1.359780725503813681e+00
4.140081155796743184e-02
7.578708604251660486e-01
5.008409428482209214e-02
8.974009269018304868e-01
1.312470367140996297e+00
8.589723884443423163e-01
8.989421564655359909e-01
7.458640654355352950e-02
1.077099069403994802e+00
4.246633024328657080e-01
8.299645975379619234e-01
1.411172063889611694e+00
7.858038268311725583e-01
5.746951846539464365e-02
3.912170521740162554e-01
9.409176145751133591e-01
4.052040803228880717e-01
4.980524046828567197e-01
2.619223734425048244e-02
1.688230027771432162e+00
1.124659825595527157e-01
5.324899192090677413e-01
6.450552734598768989e-01
1.011842432994189078e+00
6.579510447611686130e-01
4.683852342770516430e-01
1.735878997685713188e+00
6.677127205705589708e-01
1.681921740073137661e+00
8.525858471706470043e-01
2.295975560795144449e-02
1.114561184184125094e-02
1.149889987006237450e-02
8.376780419079452589e-01
5.911831037644297293e-01
6.677202863593993953e-01
3.269625954044573790e-01
3.300351145103116446e-01
2.225944331738258786e+00
1.370989006291121415e+00
5.098432421384790914e-01
3.248696157961860620e-01
9.971179807917595062e-01
3.060182433851780723e-02
6.964157844693558141e-02
5.157494276988904003e-02
8.672766288084278186e-01
8.483205228052325131e-01
3.256694688201741683e-01
4.704331448464818544e-01
3.114470715541555190e-01
2.395827598563913252e-01
3.698011663038032193e-01
9.725357891425369106e-01
2.133868247204537383e+00
4.064154936762062187e-01
1.931767015498399021e-01
7.557402888945425889e-01
5.391326367529899466e-01
7.496903447028966383e-01
3.280874761371180282e-02
2.582796632969944550e+00
1.613766610213857433e+01
2.406514937554655731e+01
2.849623425505088647e+01
3.337665796627837977e+01
3.796898040188503387e+01
4.035703470646939195e+01
4.488189570063718037e+01
4.779691372984544273e+01
5.120157153608096223e+01
5.500583210183906147e+01
5.655512585253465829e+01
5.880881584813833740e+01
6.118136667333251921e+01
6.350456085334663214e+01
6.436674550450032939e+01
6.729442286064006851e+01
6.967012377727596117e+01
6.987529253968443754e+01
7.393411397134211427e+01
7.591452376993701989e+01
7.591272894458904830e+01
7.796352139261550462e+01
7.894035386841943591e+01
8.208734028109103065e+01
8.185439747143908562e+01
8.418131437379383897e+01
8.499560821971743962e+01
8.732065119409699605e+01
8.685677185088903229e+01
9.132646164236570030e+01
9.035351883031262332e+01
9.266658990543807306e+01
9.365440403820178972e+01
9.433783291182741948e+01
9.541902128465517308e+01
9.842485939918398685e+01
9.812019054030176335e+01
1.000509276507686849e+02
1.000895334394070488e+02
1.013332088400079414e+02
1.035207794055256301e+02
1.050265179334959527e+02
1.049484202131491344e+02
1.047100734197323533e+02
1.091193825078927659e+02
1.072360036267390768e+02
1.075042745117276723e+02
1.125762412667083083e+02
1.104968243304330855e+02
1.103416661867280766e+02
1.120064000591690103e+02
1.139281014286493843e+02
1.146062195424541557e+02
1.144045070765376835e+02
1.179045912625669530e+02
1.163715338916262851e+02
1.165055848851866216e+02
1.194343191554197574e+02
1.205725113038868130e+02
1.191825069023837784e+02
1.193421825543193933e+02
1.225047153798973198e+02
1.201451475134398521e+02
1.216717103065011116e+02
1.245595170931329818e+02
1.242185385152254895e+02
1.246800501017844454e+02
1.259553643513550298e+02
1.260969780514594731e+02
1.255870886823321086e+02
1.287868592036862481e+02
1.294499530772625349e+02
1.289337288095170209e+02
1.293664392980496984e+02
1.322434353736858554e+02
1.301996185973848696e+02
1.307785853984435676e+02
1.319547544460083373e+02
1.336038312034884257e+02
1.342577623686334789e+02
1.329292646508619100e+02
1.340094905528254969e+02
1.328269835013630029e+02
1.343876898159456630e+02
1.343447679504784276e+02
1.346545113045939956e+02
1.378101923707284584e+02
1.357946819699048433e+02
1.365048855823941381e+02
1.378431196365920641e+02
1.392072158101849482e+02
1.388140468527134885e+02
1.415073280721877325e+02
1.390799223161405109e+02
1.398115738097583574e+02
1.402184461502712622e+02
1.417596730278308712e+02
1.412054976468020868e+02
1.409475856457178224e+02
1.404738676424026380e+02
1.420153854715947261e+02
1.435139762192160902e+02
1.420360993843621031e+02
1.433014899990145636e+02
1.433370280012266846e+02
1.442650538203281201e+02
1.428998042942414486e+02
1.463466470305265545e+02
1.430087455241236398e+02
1.442027718580235671e+02
1.457793849957853638e+02
1.454035903502305302e+02
1.461950438586534631e+02
1.451198308601566112e+02
1.457847164754678602e+02
1.461080909256362190e+02
1.478942403936222831e+02
1.472373498381620038e+02
1.475583837364320345e+02
1.463114584744539002e+02
1.481388524014192285e+02
1.475890778218779928e+02
1.489391368439731593e+02
1.497435426558735685e+02
1.475952288014634064e+02
1.476612490205917254e+02
1.473621335334754008e+02
1.482343164162149378e+02
1.481407000848883797e+02
1.490201918727560724e+02
1.486472340324410197e+02
1.485544844711086512e+02
1.500981384051819987e+02
1.482063452688658174e+02
1.496812235191443392e+02
1.489392958935672766e+02
1.501599733652913642e+02
1.509044910792475775e+02
1.492930246909891423e+02
1.501073283782308181e+02
1.499085494273465429e+02
1.489870923472791731e+02
1.500773651535202475e+02
1.501690724668403618e+02
1.503295143260956763e+02
1.497482582849924597e+02
1.500641892997099944e+02
1.488390551291782629e+02
1.496385525541489585e+02
1.505559626797098076e+02
1.508891405169603388e+02
1.495643512498961343e+02
1.500747110288331498e+02
1.501747105069365773e+02
1.501181234523539274e+02
1.504207255468619451e+02
1.480185000133947426e+02
1.497371906766746861e+02
1.499687901628601310e+02
1.486659651220039677e+02
1.512701086514239250e+02
1.496807887997635191e+02
1.509990096054503113e+02
1.485547145989226863e+02
1.483408154444676654e+02
1.493684777209829520e+02
1.473548649062254867e+02
1.491310493425163770e+02
1.488890200813776801e+02
1.496763527547271622e+02
1.492237668750038608e+02
1.479604185780462160e+02
1.471286818698075081e+02
1.497798573723800644e+02
1.471098795569252502e+02
1.466839579438856447e+02
1.464651354688337790e+02
1.484808014738458439e+02
1.466510695584313169e+02
1.462156801008100899e+02
1.468994014539707109e+02
1.463399761032216873e+02
1.456468853183001499e+02
1.468498504089758683e+02
1.469248369502462026e+02
1.466012507030790175e+02
1.461319773692335673e+02
1.455094827088664715e+02
1.430654044549178820e+02
1.462375737543865739e+02
1.445898958415094455e+02
1.446081564276006475e+02
1.448195203578267183e+02
1.448348866648288151e+02
1.435092782238510267e+02
1.432080925398936415e+02
1.418472569005602679e+02
1.421457211390628856e+02
1.409167807548187454e+02
1.407014157051676193e+02
1.401702409437907875e+02
1.405422348046951697e+02
1.413737168289617330e+02
1.431138202495773726e+02
1.397423570070765493e+02
1.378061772066355388e+02
1.400129562880223943e+02
1.380321478498486272e+02
1.372487819492343704e+02
1.376871203265982615e+02
1.357958668908493394e+02
1.368094317957196040e+02
1.360402401312619816e+02
1.357597209637084461e+02
1.355664746001669130e+02
1.347671581811027011e+02
1.342214050525399784e+02
1.339854738258640907e+02
1.336032379087098150e+02
1.316335091539007465e+02
1.307025179886606452e+02
1.315286351445956257e+02
1.296054268903434945e+02
1.305635829133223922e+02
1.308425574433481131e+02
1.299284169545337306e+02
1.276802258389135716e+02
1.272646765724181961e+02
1.278390851526808092e+02
1.264844775993616963e+02
1.259330971799527816e+02
1.261994542261086139e+02
1.239567007569194885e+02
1.238726563533366942e+02
1.227919884669981485e+02
1.218552024678623695e+02
1.213353929378266400e+02
1.221517392818281280e+02
1.207953502368411165e+02
1.191208393711649194e+02
1.190123468497541381e+02
1.168348184498369164e+02
1.169569586680145079e+02
1.190426881044869418e+02
1.159916238127732413e+02
1.159878952008216686e+02
1.143504196097157291e+02
1.139087257678689298e+02
1.133530979156368659e+02
1.106987822774630104e+02
1.108699203670100530e+02
1.115606818733566570e+02
1.082503613613461653e+02
1.075261130812410642e+02
1.068137351507757558e+02
1.064010173645490340e+02
1.056486544791220297e+02
1.053635210922034986e+02
1.035480304889064342e+02
1.019183371460573682e+02
1.021501974544122362e+02
1.004838684882729609e+02
9.715015161714669034e+01
1.000148290959875226e+02
9.807672280948784760e+01
9.493173320098284762e+01
9.424483718471057614e+01
9.393105397231764186e+01
9.114592446182200547e+01
9.073035179037701425e+01
8.975557959595023760e+01
8.625487100935126250e+01
8.525219627394224631e+01
8.532519978184734555e+01
8.337643423603383042e+01
8.231175635781715982e+01
7.968597619657579401e+01
7.791585397311438044e+01
7.454546545745506592e+01
7.368714730897139020e+01
7.311552714318474955e+01
7.207060974179174195e+01
6.989255090197504217e+01
6.728095621138317028e+01
6.511171258661940442e+01
6.349434771086377793e+01
6.116012339739395998e+01
6.019229934173598906e+01
5.652906220652004521e+01
5.237040210914774008e+01
4.990360819266362569e+01
4.985094323134187277e+01
4.411680703544693216e+01
4.276449745303353467e+01
3.813735600413365745e+01
3.423954277426802406e+01
2.971549033043017829e+01
2.563449619092660114e+01
1.709877463724661695e+01
3.331928284515295324e-02
1.530803497399492619e+00
2.066905117080032883e-01
5.310425069780596585e-01
2.391455806537870210e-01
1.397896261086735370e+00
5.517135478023173917e-02
2.989774561190176039e-01
1.648504010268178943e+00
1.550014189358147831e+00
4.558253477993688407e-01
1.426158752019266229e+00
9.361291483110824041e-01
6.783800988404703469e-01
8.326507394644783178e-01
3.270662091210220779e-01
1.631597427532271549e+00
3.777591697307178809e-01
2.398671058952785706e-01
1.589586741256432678e-01
1.928639555503860181e-01
1.157017280815867855e+00
7.706730544633433322e-01
1.304397337833273218e-01
1.821915097860405952e+00
7.565047058842289118e-02
4.209182841756565763e-01
2.466021862613344273e-01
6.255570351092533121e-01
9.921368285185058200e-01
1.905063640560017646e+00
1.477721965984477720e-02
3.004787855854222922e-01
3.550287310553740805e-01
1.892361893317341393e+00
1.778131437030125439e-01
2.509981160083239460e-01
1.054757925180282774e+00
9.600477411499278579e-01
4.164990824366924804e-01
2.768229947738883312e-01
1.123905305614439021e+00
1.734638970728791252e-01
5.100295397556169341e-01
1.392518449434272387e+00
1.037585667050634042e+00
1.879179177425780237e-02
5.937774477786674776e-01
2.011880319244709003e+00
5.897036055747238992e-01
8.963697225521801704e-01
1.962732009140752076e+00
1.584820527349017905e+00
6.479677910098883276e-01
1.139008193116965328e+00
1.214401382959259035e+00
8.709617821716195696e-01
8.779706165358701631e-01
1.296149867527883304e+00
6.164593126261552758e-01
5.365965205668234983e-01
4.046954556143003146e-01
1.914508720239117834e-01
8.805111991771105151e-01
4.540803625156051293e-01
8.595197343438468196e-02
7.519465876771956880e-01
5.629897185861277853e-01
1.194986805268660301e+00
5.004096673042639498e-01
2.528035054191545283e-01
4.080147090398968945e-01
1.774658560973333188e+00
3.931531947541128669e-01
1.622184475766908496e-01
7.694301781773038584e-01
3.305327432349157712e-01
1.452744572047692251e-01
7.564935288807482783e-01
3.015140573967661775e-01
1.039096440378392661e+00
4.790952240982285781e-01
7.781835214561222402e-01
1.736774956976710804e+00
1.446577890035894320e+00
1.582685641802789034e+00
9.605572244572283536e-01
2.258404786026901034e-01
5.494985463040402696e-01
1.098570727555329585e+00
2.320799839280298205e+00
1.170908721554419496e-01
5.342011708457714558e-01
3.178850972381815909e-01
4.348079577311579347e-01
5.400944605248059194e-01
7.324240097548762041e-01
3.752224007606727030e-01
2.916419863518445732e-01
1.741022808358901441e+00
7.803044065015394271e-01
2.711127964467148765e-01
1.045023375502690532e+00
5.990395263761840727e-01
3.406923438779304592e-01
1.263172912085154254e+00
2.777359145427433340e+00
1.151733974780799086e+00
5.892289865101497659e-01
4.484650062040592688e-01
1.315739679080687174e-01
1.405560047391889889e+00
3.497821801115368889e-01
2.023471949769974021e+00
5.053869385773427370e-01
3.592491565134564024e-01
1.582494477981758463e+00
2.243601894582640366e+00
1.422794908626342725e+00
1.922324755444398514e+00
2.115056015187807503e+00
1.405365438724420324e+00
1.618054269000225531e+00
8.244091213278346153e-01
4.225803722728827538e-01
5.474805721046650531e-01
8.137944832313058763e-01
1.449117610736930351e+00
1.317717343140765385e+00
5.410082199598076347e-01
8.511560251940573918e-02
5.643010333021604152e-01
9.667680111664601617e-01
5.080679093914777233e-01
7.554627263656333858e-01
1.201201519017389252e+00
5.232617386880769050e-01
5.375833685580618804e-01
9.920486253150243017e-02
1.576298972627717676e+00
5.023282400747796084e-01
8.622669997532367292e-01
1.606611898197728150e-01
9.526449528153877466e-01
1.608522155948723720e+00
5.615787496032208503e-01
2.072707469736186359e-01
3.077325746794319916e-01
1.592504683737024362e-01
1.958548955136538705e+00
1.446421063983328592e+00
4.523502755690916866e-01
3.194318333315306346e-01
1.377792142857706681e-01
9.571474731510167810e-01
1.348424319121700909e+00
4.015575444993436105e-01
4.684760446797231470e-01
5.128364575927566449e-01
3.263184621583181122e-01
6.027076564293295524e-01
5.946497697204053967e-01
2.559576692142683241e-01
3.480463796426194190e-01
7.823669669020897333e-01
6.251186564337302132e-01
8.135959970945070285e-01
5.216415099706189773e-01
7.311964594819723995e-02
1.297379655956739875e+00
3.249349583204991232e-01
7.113063597427885520e-01
3.881541924822495826e-01
5.992800267109062162e-02
7.999136231406647202e-01
2.200757798203555882e-01
1.308668752352179165e+00
2.579855825448711115e-02
1.145262173019224727e+00
3.464944420067607167e-01
7.741606098188164031e-01
7.744589687708258730e-01
1.049071650855127186e-01
1.339129226154759100e-01
6.126257388749356547e-01
8.228283242942817655e-01
1.490265387907298233e+00
1.496139636951631990e+00
9.724028893524976347e-01
1.346221073222300113e+00
4.674931736578534780e-01
8.624932997247338751e-01
6.225191403049976646e-01
6.311919417468571103e-01
5.684589189242769125e-01
3.328117648522095906e-01
4.804244961177867590e-01
9.681860639071049324e-01
8.313510579847682713e-01
4.879726826630045866e-01
9.196506900626617576e-01
2.642935721014741723e+00
5.401230264004940329e-01
2.290467070530538773e+00
1.600267818748759119e+00
1.888347802177837986e-01
4.122717546045429060e-01
4.034591834208012262e-01
1.830028550427810208e+00
6.958351193495473375e-01
2.467660239799705779e-01
1.525957560884808384e+00
7.727718829782020959e-01
8.820565993630106183e-01
1.252593341503319024e+00
5.863200252111323563e-01
4.576405942895259704e-01
3.718110814974934786e-01
4.573096467208112581e-01
9.623417448143452013e-01
7.708369604049366552e-01
2.431682154024917275e-01
3.903649435086223862e-01
1.588530691097532532e+00
5.109261812322630769e-01
7.747283190671621078e-01
1.808143926498251508e+00
4.113342428976086151e-01
4.832495424791073968e-01
2.571182431510025176e-03
1.040086245053703173e+00
1.646438095263976220e-01
8.851875412089272865e-01
1.473764815138404849e+00
3.890939688657205631e-01
1.171041064620488292e+00
3.265609776792077201e-01
8.209882269614044575e-03
5.226194163984779761e-01
1.042977594646375961e+00
4.140913537935950739e-01
5.072344618949226058e-01
1.546688336463321878e-01
1.041568388818581825e+00
3.926799103795318435e-02
9.489328108497634418e-01
1.319117557874122104e-01
1.980565591068939701e+00
7.687706443994749561e-01
4.213275873246805081e-01
4.693107362791067438e-01
8.756956787795067143e-01
1.365162877225168714e+00
1.947098642820357828e+00
4.802420417382233242e-01
5.232509433848950842e-01
1.021224743167163052e+00
7.086952731104265713e-01
2.451229719075076030e+00
2.112059836315199890e-01
1.204066386644097320e-01
1.479315979963253591e+00
3.321022773488251367e-01
7.214312955717557818e-01
4.487670131054991574e-01
1.744187756553955193e+00
1.660607559894514029e+00
1.416603482425640603e+00
2.802202798391713046e+00
1.188424421583019308e+00
6.038395527961509801e-01
1.149554063257118175e+00
1.098303540732512351e+00
1.378391785960938476e-01
2.538560440645898711e-02
6.103917643054127540e-01
2.860125269781179647e-01
9.785672974460429829e-01
1.109477553636145197e+00
5.475181006794317407e-01
6.659671460695377743e-01
2.534554462084229964e+00
1.375184479317240749e+00
5.009922321799465950e-01
4.802490349949254389e-01
9.361075501096975948e-01
8.091802968531627283e-01
1.198092880191038212e+00
4.066570874668811730e-01
1.201697855667506420e+00
1.474344016509719080e-01
9.774648772458691681e-01
8.793899419133700546e-01
6.354245265539955057e-01
5.426107834987963230e-01
7.159388934369916857e-01
2.994612860227618967e+00
8.809375610809715429e-01
1.808131810578975429e+00
4.366384746292930052e-01
1.927289964997268290e-01
6.964386733914392780e-01
3.382254736851152965e-01
6.517812617006160103e-01
1.471000245410806345e-03
7.667048545369002932e-01
1.004322712214613444e+00
9.981917282318640838e-01
1.373042550950895224e+00
1.067742011019106485e+00
1.761266127419863103e+00
7.540956636562426985e-01
6.250273906846712801e-01
3.903926939855080769e-01
1.125575309064542895e-01
6.555450294843581105e-01
6.751685717432485967e-02
7.776041379029120515e-01
3.574273354817348453e-02
3.360157426619921339e-01
8.864915393596158877e-01
2.721317560182082151e-01
2.847905991343631649e-01
3.093775928833613631e-01
2.852886983441639893e-02
3.247302650829599902e-01
5.288698535561152658e-01
1.737118529870234351e-01
5.665453158182124360e-01
1.463044460010442527e-01
4.987269583119319782e-01
7.379317802412298510e-01
1.203735192199779425e+00
4.170435029676035632e-01
6.878813911747545529e-01
4.985726659982264719e-02
1.348035780424718721e+00
9.076987979878986534e-01
2.680570840769000540e+00
2.008085139956655718e-01
9.988487960953681410e-01
7.401367907395135504e-01
5.654978063746562977e-01
4.760313834381145193e-01
2.158068563961256903e+00
1.318551018090836635e+00
2.392965911423441394e-01
2.467935577887517828e-01
1.079343166024995249e+00
1.142255514501802072e-01
1.323976766753355225e-02
1.219449276002772670e-01
3.390592559424304153e-01
5.896320419510298061e-01
8.958157604108271110e-01
5.483281304979799042e-01
9.866745381579566931e-02
1.971810551973673942e-01
1.059027254441966326e+00
1.022564391260685657e+00
8.552404572508641722e-01
1.257219650828994117e+00
1.482883357574042549e+00
1.309412146331014215e+00
8.178618311849957800e-01
2.382001920220386260e-01
1.052321370592758515e-01
9.165940810038318565e-02
3.126754702756948112e-02
9.211211469195591806e-02
1.355442702594418236e+00
3.981481287500751032e-01
1.613735362777791726e-01
1.794448805225073551e+00
2.750970202983580096e-02
2.232016389525177669e+00
1.049797010189535557e-01
1.367414982460158468e+00
1.655344038309677801e+00
1.536444608156663783e-01
1.584473563150935460e+00
8.444543066045863133e-01
1.212867816209024729e+00
2.837695543833455014e-01
2.821958766904351101e-01
1.158203185184028872e+00
1.619359982897542460e+00
5.110404635801097939e-01
1.740629445895330862e+00
2.934850548893774835e-01
9.172215421158560478e-01
5.704286766218814864e-02
8.767267736904523767e-01
1.826911378304517664e+00
4.031883068495333289e-01
9.494055237932187419e-01
1.632549488331787313e-01
8.645528271104713225e-02
4.304619118857929694e-01
1.149379383367123975e+00
2.975143539549459093e-01
4.402227617534797133e-02
6.430545453392927380e-01
5.882249291179366679e-01
2.125870464375365920e-01
1.547031496990844524e+00
6.028753363911903973e-02
2.780810479679439728e-01
6.429525533528904768e-01
1.501152270061291982e-01
1.587761523745367498e+00
6.432576017887388087e-01
1.133592825638458867e+00
9.967596428198155500e-01
1.487661522336792552e-01
9.600420496977001006e-02
4.511330369333481360e-02
7.912172392953507882e-02
8.505306835234381913e-01
8.391241905992736783e-01
1.011774084105488525e+00
8.496813703770766946e-02
1.606439689449832731e+00
1.373053536041928480e+00
1.866683148331627073e+00
7.574683300614039050e-01
1.005647186901453827e-02
1.238006935958439803e+00
1.040599230085144988e+00
3.156031233858582197e-01
6.234536094243824378e-01
8.906716814313947461e-01
5.129168468277763848e-01
2.541238807688224632e+00
9.680821176645779680e-01
4.770680923568652587e-01
3.559514930468063443e-01
2.540231620759171527e+00
9.265583009670964598e-01
5.580818806186658154e-01
1.116949553746723556e+00
3.529673960291555834e-02
2.412039642189525157e-01
1.127783630127802361e+00
8.811310970996323322e-01
1.032989194519945642e+00
9.239120158100020408e-01
1.412151698298630853e+00
1.380430752307269193e+00
5.359145616661618039e-01
4.307711349456414540e-01
1.498915917331393177e-01
1.006036857920391547e+00
8.215498256031326108e-01
1.548254322849042408e+00
5.319746390071913300e-01
1.260568845042149277e+00
1.003935034013660188e-01
4.003488150134233980e-01
1.472322928466489600e+00
9.132019242521776103e-01
2.211304333239493047e+00
1.797455804366897558e+00
1.063432938154606822e+00
6.795930425441440992e-01
5.643179096824889607e-01
2.273459501434809960e-01
1.614249547280227404e+00
1.008597286860103637e+00
5.275973827743158928e-01
7.239287040586021016e-01
1.119628233680454388e+00
7.967753063063008900e-01
1.548066801378738644e+00
6.174330145790107166e-02
4.468362536626211967e-01
1.837557302499922551e-01
8.246182196384677088e-01
1.312849674549791734e+00
1.414874135922422393e+00
1.564762569462989639e-01
2.163439782957261026e-01
4.428461137467389896e-01
2.183970731299370305e-01
3.441964564673812288e-01
2.527106720416066876e-01
8.688625468659522122e-01
6.563907508593024298e-01
5.319938094111618110e-01
9.562584224322827620e-01
1.658635226535373208e-01
1.329141282745553321e+00
4.834462377981961489e-02
6.081012569516899280e-01
4.038960208359738124e-01
1.936712462402552015e+00
1.451905529431747333e+00
3.822027877852935962e-01
2.050866252318538085e-01
1.161533803559117173e+00
9.909091736848452125e-01
1.867091118097792268e-01
1.684517255424882842e+00
8.065637678962596091e-01
8.351926901914831225e-01
9.467404109571895265e-01
1.148350580691126277e+00
9.108503776386525086e-01
1.402844740100243293e+00
3.358447214053130181e-01
3.191184000862823944e-01
3.072647805055910286e-01
1.638423625741792122e+00
1.776388616346575855e+00
2.155530537886848064e-01
5.680073592264200943e-01
8.261103215620101137e-02
8.215345170195275104e-01
1.892210388219473655e-02
8.203415314548415105e-02
9.571580982754103184e-01
1.013972154112161350e+00
1.730276061550085842e+00
5.887424068075064465e-01
3.843234052112453059e-01
1.009711854811714327e+00
1.005311872348858770e+00
1.014071466682110040e-01
2.171164949318165949e+00
6.620742889997063285e-01
1.005812087289631868e-01
5.391612741141965648e-01
8.617684238012002229e-02
2.190898013239840125e+00
9.836361957891794905e-01
8.561495423049708675e-02
2.523314313845212431e-01
3.907979960810135656e-01
1.209850126410304982e+00
1.406104771391010866e+00
1.604738529860987084e+00
1.458714749675993572e+00
2.153119792570582725e+00
4.683049076895917096e-01
1.127379412357372573e-01
6.572676903047772745e-01
6.470535263827592587e-01
1.712435451522124896e-01
3.890870585621503119e-02
6.265642507453605958e-01
1.557998528183396347e+00
5.070347697653374563e-01
8.449956030008372032e-01
6.755938276300630374e-01
9.933613754231354065e-01
2.042072149826954064e+00
3.811800017940036173e-02
5.789181399432078434e-01
1.692370437474108424e+00
7.293463462804261610e-01
6.991361537186937536e-01
2.987596005699359458e-01
1.102230190907090623e+00
2.454942364237903615e-02
8.358560674816213343e-01
9.420935888731158947e-01
1.032127514617075803e-01
1.051390398660064562e+00
2.466489552524461781e-01
6.079925094063972635e-01
8.396324471731914096e-01
1.368245095338390671e+00
1.561279598955807035e+00
9.402702359572048252e-01
6.599427051023376567e-01
2.130171674298873552e-01
5.993693725222970503e-01
2.563168936896427774e-01
4.607943277012555572e-01
4.009861578964010187e-01
9.711706648243907392e-01
1.426316860787027352e+00
2.488441614331128093e+00
1.695969533014169306e+00
1.418066391534544557e-01
1.833435361815678455e+00
3.557035157239844536e-01
4.772862704032293513e-01
4.663795743819788564e-01
9.439250641118496210e-02
9.831181837457076966e-01
8.983219714320159754e-01
8.020517387405159404e-01
1.846531981664673028e+00
6.041367404426841725e-01
1.629583602748438276e+00
2.121176444902435954e+00
1.838846603758498510e+00
1.966763971934739841e+00
1.962339649435420053e-01
8.658318016541909079e-02
1.419255045910951196e+00
9.341797484997248491e-01
1.391505269404219591e+00
8.690063428187611017e-01
1.841812647035462880e-01
3.416780975958805810e-01
2.429091413778038805e-02
1.279812020628021907e+00
8.859664820409528518e-01
4.008856791041211509e-01
9.657236532908345522e-03
1.797164615395618448e+00
8.022531717308107879e-01
1.932135532336964612e-01
1.297342089092890616e+00
1.001331017346729579e+00
5.972125044034249930e-01
8.152756611364585515e-01
1.801213990808534948e+00
2.152404676396114658e-01
1.006365521678550312e+00
1.829049808569510049e-01
8.962484253561593395e-01
7.617498318158106956e-03
8.868646865827609638e-01
1.103693957462150266e+00
4.005306845987061659e-01
8.577026230468940415e-01
1.354546631899805342e-01
4.516585593883100380e-02
1.859346333851628286e+00
1.626321937826830100e+00
1.348224510943540622e-01
5.840935467949193161e-01
3.351056201959988767e-01
2.437564359199356101e+00
1.114924559490279909e+00
1.374848733553365662e-02
1.844701163628046148e+00
3.611131347398661151e-01
6.089623416545242307e-01
1.591447875458031458e+00
3.222216443155699172e-03
1.057473647801530081e+00
5.559850318789673063e-01
2.673838267463693116e-02
1.834502535815762947e-01
4.707424981827272314e-01
2.727963895302641384e-01
8.179776072548057275e-01
2.789142751032397949e-01
1.431567757449290879e+00
1.462214170780419487e+00
4.287020655858288509e-01
6.378405564735842859e-01
1.664172985166173513e+00
1.265693316393898538e-01
3.634377801160513788e-01
7.790512201329915509e-01
1.509661606068298800e+00
2.773913917431098386e-01
9.687443931111453521e-01
7.303570955579599122e-01
7.623615367276093124e-01
1.446940334755808522e+00
2.620573846018239283e+00
7.474731780653793844e-01
1.300346832218339133e+00
8.038504040315199717e-01
7.742950804868045100e-01
2.693897784512402915e-01
8.253722320875147567e-01
2.983231689958337207e-01
9.228233149968279037e-01
1.451338498191025117e+00
2.185735821987137145e-02
4.253907402979072161e-02
1.530932351028824634e+00
9.244773546980858403e-02
9.900831128407737436e-02
1.050653836587489565e+00
3.059525750983919101e-01
4.384744580346060516e-01
3.701641645137025427e-01
9.592553926405882336e-01
5.383296032761768490e-01
1.424454175093693709e-01
2.003534800049873998e-01
1.714046116048996371e+00
4.936440875248638838e-01
4.870153259803794432e-01
8.391294028422137119e-01
9.901213838791936839e-01
1.364758230082432355e+00
2.186990878907987476e-02
2.712073398901638788e-01
1.317174788805794305e+00
1.897026120799957527e-01
1.702570152241791313e+00
6.763423006691976491e-02
4.630217541090509425e-01
4.470241568856782588e-01
1.057199954671549369e-01
2.776213162550148633e-02
4.255422127714480474e-01
1.421975559292464775e+00
4.563633634807853778e-01
5.286706589354885910e-01
1.080038367809579292e-01
7.408667042040726347e-01
6.082911500814950356e-01
6.407257241901990197e-01
1.134311593722227451e+00
7.772769637679554089e-01
2.910414632730257689e-01
5.541275783267697319e-01
6.701258977272964712e-01
6.036249439233865033e-02
7.110405967911112013e-01
7.196681705373316751e-01
2.484193067050382286e-01
7.308735859513858513e-01
1.641703228809784143e+00
2.756665493407743917e-01
7.083850523381071129e-01
1.577921712099517385e-02
4.917301080135276226e-01
9.541895808987649330e-01
5.441447523580079659e-01
4.472120874548314862e-01
6.161211233234792362e-01
4.662900435501894925e-01
1.714831608676042896e+00
8.321860341500619818e-01
1.723391392291887814e-01
1.649216974417132109e+00
1.398562092125535505e+00
3.979120985908414232e-01
7.825788808419774645e-01
1.723228250716323018e+00
1.797539387125904664e+00
3.568715280255984612e-01
5.456573234700274888e-01
1.508182063325937960e-01
2.554707861877694164e-01
1.685792302659303576e+00
1.648046206366179822e+00
2.987136599920089397e-01
9.106456722299702822e-01
2.985612163636626459e-02
1.181707843665917995e-01
1.426877120734650339e-01
1.227636420410407991e+00
3.812738409493465069e-02
5.127175234723987396e-01
6.859922748066052400e-02
2.722761011450806068e-01
4.897250223730267304e-01
2.792966692783721561e-01
1.257744217496038264e+00
2.086634979420542546e+00
4.007145654777545529e-02
3.277549172964167590e-01
1.455807951836843417e+00
5.549222544380277150e-02
1.484925598699954108e+00
2.123890018045559103e+00
4.595849048340561738e-01
2.800578600376801286e-01
