1.375000
1.625000
0.125000
0.062500
0.437500
1.187500
0.312500
2.000000
1.000000
0.937500
0.500000
1.062500
0.375000
0.562500
0.625000
1.250000
0.437500
0.812500
0.812500
0.750000
0.812500
1.187500
0.437500
0.312500
0.000000
0.562500
0.000000
2.187500
0.937500
1.000000
0.937500
0.562500
2.125000
0.625000
0.625000
0.062500
0.375000
1.187500
0.875000
1.750000
0.187500
1.562500
0.187500
1.937500
1.062500
1.562500
0.000000
1.000000
0.000000
0.000000
1.250000
0.687500
0.000000
0.312500
0.312500
0.000000
0.750000
0.375000
0.750000
1.062500
0.750000
0.000000
0.125000
0.812500
0.562500
1.500000
0.375000
0.000000
1.250000
0.000000
1.312500
0.687500
1.312500
0.312500
0.187500
0.062500
1.375000
0.125000
1.125000
1.250000
1.500000
1.687500
0.000000
0.937500
0.062500
0.687500
0.750000
0.437500
0.687500
0.625000
0.312500
0.937500
0.625000
0.687500
0.250000
0.562500
0.687500
0.375000
3.062500
0.625000
1.875000
0.625000
0.125000
1.187500
0.062500
0.875000
0.125000
1.000000
0.000000
0.062500
0.687500
0.187500
0.000000
1.312500
1.500000
0.562500
0.250000
1.437500
1.125000
0.687500
1.187500
0.125000
0.687500
0.125000
0.187500
0.062500
0.437500
1.250000
1.687500
0.687500
1.812500
0.375000
0.875000
0.875000
0.062500
0.187500
1.000000
0.625000
0.187500
0.562500
2.875000
0.187500
0.937500
1.500000
1.312500
0.312500
1.187500
1.437500
0.375000
1.375000
1.437500
9.937500
14.500000
17.000000
20.125000
22.250000
23.625000
26.000000
28.812500
29.312500
30.312500
31.375000
31.437500
32.562500
35.000000
34.312500
35.875000
38.812500
40.312500
37.562500
41.625000
40.500000
41.375000
41.937500
43.750000
41.687500
44.312500
43.437500
45.437500
46.875000
45.812500
46.562500
47.000000
46.187500
48.875000
49.375000
48.687500
48.312500
48.062500
48.125000
50.687500
50.562500
49.250000
47.875000
46.750000
48.625000
49.687500
51.250000
49.250000
50.437500
38.937500
1.000000
49.812500
48.562500
48.625000
50.125000
49.437500
49.625000
49.250000
49.812500
48.187500
48.437500
50.375000
47.437500
47.687500
47.062500
47.812500
48.000000
46.125000
45.812500
45.500000
45.875000
44.125000
44.000000
41.437500
41.875000
42.562500
42.937500
41.687500
39.625000
38.562500
39.375000
36.750000
38.625000
36.687500
34.062500
33.687500
32.875000
31.687500
29.750000
29.125000
27.875000
26.375000
26.625000
23.812500
20.750000
19.250000
16.125000
13.687500
10.812500
0.250000
2.250000
0.375000
0.875000
0.750000
1.062500
1.062500
1.062500
0.125000
1.125000
1.625000
0.437500
1.375000
0.875000
1.000000
1.250000
0.187500
0.812500
1.000000
0.125000
0.000000
1.312500
0.500000
1.375000
0.625000
1.062500
0.562500
1.687500
1.062500
0.562500
0.812500
0.500000
1.062500
0.125000
0.812500
0.437500
0.750000
0.875000
0.187500
0.375000
0.812500
1.625000
0.750000
0.250000
1.000000
2.125000
1.750000
0.187500
0.437500
0.187500
1.375000
0.937500
0.625000
0.375000
0.562500
0.562500
0.937500
0.500000
0.750000
1.125000
1.062500
0.562500
1.812500
1.375000
1.312500
0.750000
0.125000
0.250000
0.562500
0.312500
1.625000
0.562500
1.500000
0.875000
2.000000
0.937500
0.187500
0.437500
0.062500
0.437500
0.562500
1.125000
0.187500
0.687500
2.562500
0.937500
0.312500
0.437500
0.312500
1.000000
0.500000
0.562500
1.500000
0.500000
1.812500
0.625000
0.187500
1.125000
0.250000
0.000000
0.000000
0.062500
0.375000
0.875000
0.437500
1.000000
0.000000
1.562500
0.562500
0.500000
1.062500
0.187500
1.250000
0.937500
0.187500
0.562500
0.875000
0.000000
0.062500
0.187500
0.375000
0.812500
0.312500
0.187500
2.437500
0.187500
1.125000
0.500000
1.312500
0.750000
0.250000
0.437500
1.312500
0.062500
0.437500
0.000000
0.375000
0.000000
1.687500
0.750000
0.750000
1.000000
0.437500
0.000000
0.312500
1.437500
0.000000
0.812500
0.625000
0.312500
0.187500
0.062500
1.937500
0.500000
0.562500
0.875000
1.750000
1.187500
0.500000
0.375000
0.375000
0.375000
0.437500
1.187500
0.187500
0.875000
0.625000
1.750000
0.437500
0.187500
0.500000
0.000000
1.500000
0.812500
0.062500
0.437500
0.937500
1.375000
1.937500
0.062500
0.250000
1.062500
1.000000
1.125000
1.750000
0.812500
0.500000
0.750000
0.375000
1.625000
2.687500
1.062500
0.000000
1.187500
0.625000
1.437500
0.125000
0.062500
0.437500
1.375000
1.437500
0.562500
1.750000
1.062500
0.375000
0.625000
0.437500
0.875000
0.500000
1.312500
0.375000
1.375000
0.500000
1.437500
0.062500
0.812500
1.625000
0.250000
0.250000
0.812500
0.062500
0.375000
1.062500
0.187500
0.562500
0.562500
0.437500
0.625000
0.562500
0.187500
0.125000
0.312500
0.000000
0.812500
0.375000
0.437500
0.625000
0.812500
0.625000
1.000000
0.687500
0.125000
0.625000
0.562500
0.187500
1.875000
1.937500
1.187500
0.937500
1.000000
0.500000
0.312500
1.000000
0.500000
0.062500
0.500000
0.500000
0.750000
0.125000
0.187500
0.062500
0.625000
1.312500
0.250000
0.500000
2.000000
0.375000
1.062500
0.687500
0.500000
0.437500
0.625000
0.687500
0.500000
0.375000
0.437500
0.875000
0.437500
0.250000
1.000000
1.875000
1.625000
0.875000
1.500000
0.687500
0.500000
1.625000
0.687500
0.375000
0.062500
0.875000
0.375000
0.375000
1.250000
1.187500
2.062500
0.562500
0.937500
1.187500
0.312500
1.250000
0.062500
2.312500
0.812500
1.500000
0.375000
0.375000
0.625000
0.750000
0.875000
0.625000
1.625000
0.125000
0.812500
1.187500
0.687500
0.687500
0.125000
0.875000
0.750000
0.125000
0.437500
1.812500
1.375000
0.250000
0.937500
0.562500
1.125000
0.625000
0.937500
1.562500
0.562500
1.875000
0.750000
0.187500
1.000000
1.125000
2.250000
2.250000
0.375000
0.062500
0.437500
0.250000
0.500000
0.375000
1.062500
0.875000
0.875000
0.500000
1.375000
0.062500
0.500000
1.312500
0.187500
0.625000
0.437500
0.687500
0.000000
0.000000
0.250000
0.062500
0.250000
1.000000
1.125000
0.812500
0.625000
0.250000
1.000000
0.125000
1.125000
1.125000
0.000000
1.250000
0.562500
2.187500
0.187500
0.875000
0.875000
0.500000
0.125000
1.437500
1.500000
0.125000
0.750000
0.625000
0.312500
0.812500
0.562500
0.250000
0.687500
0.375000
0.187500
1.312500
1.250000
0.500000
0.250000
0.812500
0.000000
1.250000
0.500000
1.062500
0.687500
0.562500
1.812500
0.875000
0.437500
0.000000
0.500000
1.250000
0.000000
1.375000
1.937500
0.250000
0.812500
0.187500
0.000000
1.500000
1.000000
0.000000
1.937500
0.937500
2.000000
0.750000
1.375000
0.750000
0.250000
0.062500
0.375000
1.000000
1.125000
0.562500
0.000000
0.125000
2.187500
0.125000
0.875000
0.875000
0.875000
1.062500
1.062500
0.312500
0.437500
0.875000
1.187500
1.437500
0.875000
0.187500
0.750000
1.625000
0.250000
0.687500
2.000000
0.875000
1.312500
1.312500
0.187500
0.562500
0.812500
1.937500
0.437500
0.000000
0.812500
0.250000
1.000000
0.187500
0.750000
0.062500
0.125000
0.250000
1.625000
0.500000
0.562500
0.437500
0.000000
1.750000
0.000000
1.000000
0.812500
1.937500
1.500000
0.312500
0.312500
0.875000
0.000000
1.500000
0.812500
0.812500
0.125000
0.625000
0.375000
0.187500
0.125000
1.812500
0.375000
0.125000
0.437500
0.187500
2.125000
0.625000
1.812500
0.750000
1.437500
0.250000
0.250000
1.062500
0.687500
1.187500
1.187500
0.875000
0.562500
0.625000
0.312500
1.500000
0.187500
0.750000
0.687500
0.312500
0.062500
0.375000
0.375000
0.125000
0.312500
2.562500
0.062500
0.375000
0.187500
0.625000
0.687500
1.250000
0.062500
1.875000
2.250000
1.562500
0.000000
0.125000
0.250000
0.625000
0.687500
0.500000
0.625000
0.250000
0.000000
0.375000
0.500000
1.125000
0.687500
1.187500
0.500000
0.750000
0.500000
1.062500
0.500000
0.062500
0.437500
1.375000
0.125000
0.625000
2.125000
0.375000
2.250000
0.625000
0.250000
0.687500
0.625000
0.062500
1.562500
0.437500
0.812500
1.125000
0.250000
1.687500
0.562500
1.000000
0.125000
0.937500
1.000000
0.125000
0.937500
0.500000
2.000000
0.875000
0.125000
0.375000
0.312500
0.000000
0.375000
0.750000
0.875000
0.812500
1.937500
0.437500
0.500000
0.500000
1.187500
1.125000
0.937500
1.125000
1.250000
1.000000
0.750000
12.375000
16.562500
24.562500
30.562500
34.500000
37.437500
40.500000
46.250000
48.812500
51.750000
52.687500
56.562500
59.375000
61.375000
62.500000
66.375000
65.875000
70.250000
72.312500
74.625000
74.437500
75.500000
78.937500
79.062500
81.375000
82.562500
83.500000
86.125000
85.875000
89.187500
89.000000
89.562500
92.500000
94.250000
95.625000
97.125000
95.125000
97.625000
99.875000
102.375000
102.750000
104.937500
103.562500
105.375000
105.000000
106.687500
107.312500
108.375000
109.562500
110.875000
111.812500
113.187500
113.687500
114.062500
114.687500
115.750000
116.437500
118.125000
119.312500
120.500000
119.187500
121.187500
120.062500
122.562500
123.937500
123.437500
125.312500
123.750000
124.687500
126.062500
127.875000
127.062500
127.625000
127.687500
129.500000
131.125000
131.125000
131.687500
131.375000
131.562500
133.312500
133.125000
133.500000
135.062500
134.500000
134.312500
136.562500
136.187500
135.500000
135.875000
137.562500
140.187500
137.937500
138.375000
140.625000
139.437500
138.437500
138.750000
141.875000
141.687500
142.187500
141.687500
141.375000
142.187500
142.875000
142.250000
143.937500
142.437500
143.625000
144.062500
143.875000
142.625000
145.500000
144.562500
146.937500
145.500000
145.500000
146.375000
147.562500
146.187500
147.937500
148.562500
148.312500
149.125000
149.000000
149.375000
149.625000
148.375000
147.937500
146.250000
147.312500
148.312500
148.500000
148.875000
148.125000
147.625000
149.187500
149.187500
148.687500
148.812500
148.687500
149.312500
148.875000
151.062500
150.062500
148.937500
149.625000
148.750000
150.937500
116.312500
116.500000
116.437500
149.875000
149.562500
150.500000
148.875000
149.187500
149.375000
149.937500
150.375000
149.312500
150.250000
150.312500
149.187500
148.062500
148.062500
149.687500
148.500000
147.187500
149.375000
148.750000
147.062500
149.500000
149.062500
148.187500
146.625000
146.312500
147.187500
145.625000
147.562500
145.500000
146.875000
146.250000
147.000000
145.125000
146.125000
144.187500
146.125000
144.937500
145.312500
143.187500
144.750000
144.250000
144.062500
143.687500
142.875000
144.000000
142.250000
141.312500
141.687500
140.437500
140.562500
140.500000
139.937500
140.125000
141.437500
139.687500
139.812500
137.812500
137.312500
137.062500
137.875000
134.437500
135.062500
135.750000
134.937500
136.625000
134.625000
133.000000
131.562500
132.312500
130.812500
132.000000
131.187500
130.750000
131.937500
128.375000
128.500000
126.875000
127.375000
128.437500
126.812500
125.437500
125.187500
123.062500
123.187500
122.937500
122.250000
119.937500
121.062500
120.250000
118.812500
118.437500
116.187500
115.375000
116.187500
114.562500
114.375000
114.375000
112.500000
108.937500
110.750000
109.500000
108.750000
108.937500
105.500000
106.375000
106.687500
103.437500
103.500000
102.937500
101.062500
99.062500
97.875000
98.187500
96.875000
94.312500
92.687500
91.312500
92.937500
89.875000
91.000000
87.812500
86.250000
84.687500
83.875000
80.375000
81.937500
78.062500
75.812500
75.125000
74.125000
70.187500
69.875000
66.687500
64.875000
62.750000
61.812500
57.625000
56.562500
53.500000
50.312500
47.062500
44.062500
40.312500
39.250000
34.125000
30.000000
25.562500
16.062500
0.937500
0.250000
1.812500
0.562500
0.875000
0.312500
0.375000
0.687500
0.937500
0.812500
0.375000
0.312500
3.250000
1.500000
0.187500
2.062500
0.000000
1.875000
0.375000
1.062500
0.062500
0.375000
0.250000
0.562500
0.625000
1.312500
1.500000
0.375000
0.250000
0.875000
1.062500
0.250000
0.062500
1.812500
0.375000
1.750000
0.812500
0.437500
1.125000
0.125000
0.062500
0.687500
0.500000
0.812500
0.187500
0.312500
1.062500
0.125000
3.750000
2.312500
0.125000
1.687500
0.000000
0.000000
1.937500
0.937500
0.750000
0.062500
0.000000
0.562500
0.562500
0.125000
1.375000
0.562500
0.375000
1.187500
0.312500
0.812500
1.187500
0.187500
0.187500
0.375000
0.500000
1.687500
0.375000
0.875000
0.125000
0.500000
0.125000
0.937500
0.562500
0.562500
1.062500
0.312500
0.312500
0.250000
0.375000
0.500000
0.750000
0.000000
1.125000
1.250000
1.625000
0.375000
0.000000
0.375000
1.062500
0.875000
1.562500
1.062500
0.937500
0.625000
0.187500
0.625000
1.562500
0.000000
0.750000
0.562500
0.500000
0.687500
0.187500
1.000000
0.875000
1.062500
2.750000
0.312500
1.125000
0.875000
0.312500
2.125000
0.812500
0.187500
1.562500
0.812500
1.187500
0.875000
0.500000
0.062500
0.125000
0.875000
1.312500
0.312500
1.375000
2.562500
0.812500
0.312500
0.250000
1.250000
0.125000
0.750000
0.437500
1.375000
1.062500
1.375000
0.875000
0.125000
0.000000
1.500000
0.875000
0.250000
1.125000
0.312500
0.000000
1.500000
0.562500
0.500000
1.062500
0.875000
0.125000
1.187500
2.875000
0.562500
0.750000
1.500000
0.187500
0.062500
0.375000
0.625000
1.000000
0.750000
1.187500
1.375000
0.437500
0.500000
0.312500
0.687500
0.812500
0.312500
1.812500
1.562500
1.250000
0.062500
0.000000
1.750000
0.937500
0.000000
0.250000
0.187500
1.125000
1.000000
1.562500
0.437500
0.812500
1.500000
0.000000
1.750000
0.125000
2.062500
0.625000
0.562500
0.687500
1.437500
0.500000
0.375000
0.875000
0.187500
1.000000
0.937500
1.937500
1.000000
0.312500
0.125000
0.375000
1.687500
0.562500
1.500000
1.125000
0.250000
1.687500
0.125000
1.250000
1.625000
0.375000
0.500000
0.250000
1.062500
0.062500
1.812500
0.000000
1.000000
1.812500
0.687500
1.750000
0.812500
0.750000
0.875000
0.562500
0.562500
0.000000
0.312500
0.437500
0.375000
1.625000
0.062500
0.000000
2.000000
1.750000
1.812500
0.375000
0.062500
0.250000
1.312500
1.125000
0.937500
0.750000
1.125000
0.250000
1.750000
1.625000
0.687500
0.062500
0.875000
0.062500
0.250000
2.062500
1.375000
0.375000
0.312500
0.437500
0.750000
0.062500
0.437500
0.000000
0.437500
1.625000
1.187500
0.187500
0.375000
0.125000
1.187500
1.000000
0.562500
0.812500
0.625000
1.125000
0.500000
0.125000
0.562500
1.562500
0.000000
0.687500
0.000000
1.125000
0.125000
0.375000
0.812500
1.375000
1.312500
1.750000
0.875000
2.312500
0.312500
0.312500
0.375000
0.062500
0.812500
0.875000
1.812500
0.312500
0.875000
0.812500
1.562500
1.500000
0.187500
1.062500
0.062500
0.000000
0.187500
0.937500
1.500000
0.125000
0.000000
0.000000
1.000000
1.437500
1.000000
0.687500
0.375000
0.812500
0.062500
1.875000
0.562500
0.500000
1.250000
0.125000
0.687500
0.000000
1.000000
0.875000
0.812500
0.500000
0.125000
0.937500
0.187500
1.500000
0.562500
0.625000
0.000000
1.500000
0.187500
1.875000
1.062500
0.062500
0.500000
1.187500
0.312500
0.562500
0.750000
0.812500
1.750000
0.750000
0.562500
1.687500
1.625000
0.375000
0.187500
0.937500
1.312500
0.500000
0.062500
1.500000
1.250000
0.000000
0.312500
0.187500
0.750000
0.000000
3.375000
0.562500
1.625000
0.312500
0.750000
0.250000
1.312500
2.250000
0.687500
0.625000
0.812500
0.000000
1.937500
0.062500
0.500000
3.000000
0.000000
0.812500
0.000000
1.062500
2.250000
0.125000
1.187500
1.562500
1.000000
0.062500
0.187500
0.125000
0.125000
0.250000
0.187500
0.125000
1.125000
0.375000
0.562500
1.000000
0.000000
0.125000
2.000000
1.250000
0.937500
0.687500
0.500000
0.250000
1.312500
0.312500
1.250000
0.250000
0.187500
1.187500
1.125000
0.062500
0.000000
0.312500
1.437500
0.187500
1.625000
0.812500
0.375000
2.000000
0.437500
0.187500
0.875000
0.125000
1.500000
1.000000
0.562500
0.875000
0.750000
1.125000
0.062500
0.187500
1.500000
0.312500
0.562500
0.562500
0.625000
1.812500
0.750000
0.250000
2.062500
1.375000
1.500000
0.812500
0.625000
1.125000
0.312500
1.812500
1.437500
0.437500
1.375000
1.437500
0.562500
1.500000
0.375000
0.500000
1.250000
0.937500
2.687500
0.437500
0.562500
0.187500
0.625000
0.000000
0.375000
0.187500
0.187500
0.562500
0.312500
0.750000
0.250000
0.500000
0.312500
1.062500
1.562500
1.187500
0.500000
1.000000
1.312500
0.187500
1.375000
0.750000
0.125000
0.437500
0.312500
1.312500
0.187500
0.937500
0.500000
0.687500
2.625000
0.062500
0.625000
0.187500
0.937500
1.687500
1.000000
0.125000
0.875000
0.125000
1.625000
0.812500
0.750000
0.375000
0.750000
0.625000
1.062500
1.312500
0.375000
0.375000
1.875000
0.187500
1.187500
0.500000
0.062500
0.375000
0.625000
0.125000
1.500000
1.562500
0.562500
0.062500
0.562500
0.062500
0.750000
1.000000
0.875000
0.937500
2.062500
1.125000
0.687500
0.125000
0.875000
1.250000
1.500000
0.000000
0.750000
0.625000
0.125000
0.125000
1.187500
1.000000
1.750000
1.687500
0.937500
0.875000
1.062500
0.250000
0.437500
1.187500
1.437500
0.000000
1.625000
0.000000
0.375000
0.062500
0.937500
1.562500
0.187500
0.250000
0.312500
0.312500
0.437500
0.250000
0.562500
2.125000
0.437500
0.312500
0.562500
1.000000
0.062500
2.500000
0.375000
1.187500
0.000000
0.125000
2.062500
0.250000
0.312500
0.312500
0.625000
1.312500
0.750000
0.562500
1.000000
0.750000
0.437500
0.062500
0.625000
0.937500
0.437500
1.312500
3.375000
0.125000
1.500000
0.500000
0.500000
0.062500
1.125000
0.062500
0.375000
0.812500
0.375000
2.562500
1.625000
0.062500
0.875000
0.812500
0.625000
0.625000
1.437500
0.750000
0.187500
0.375000
1.750000
0.625000
0.375000
0.437500
0.125000
1.000000
0.562500
1.375000
0.562500
0.125000
0.375000
1.000000
0.187500
2.375000
0.437500
0.312500
1.500000
0.750000
0.375000
1.000000
1.250000
0.000000
0.437500
0.000000
0.187500
0.625000
0.437500
1.812500
1.000000
0.437500
0.000000
1.125000
1.125000
1.062500
2.125000
0.437500
0.625000
1.062500
0.312500
0.562500
0.687500
0.187500
1.875000
1.187500
1.500000
0.312500
1.312500
0.812500
1.000000
0.375000
0.625000
3.687500
0.937500
1.125000
1.062500
0.250000
0.312500
0.062500
0.375000
1.312500
1.875000
0.250000
0.062500
1.000000
1.000000
0.375000
0.500000
0.875000
1.062500
0.187500
0.437500
0.687500
0.625000
0.812500
0.312500
0.687500
0.625000
1.000000
0.812500
0.687500
1.875000
1.312500
0.000000
0.250000
1.500000
0.437500
0.062500
2.062500
1.562500
0.812500
1.250000
0.375000
0.500000
0.687500
0.375000
0.000000
0.687500
1.250000
1.062500
0.062500
0.125000
1.937500
0.125000
0.812500
0.125000
0.187500
0.437500
0.937500
0.437500
1.125000
1.312500
0.625000
0.000000
0.375000
0.062500
1.125000
0.687500
1.625000
0.875000
0.687500
0.187500
1.500000
0.562500
0.062500
1.187500
2.562500
0.125000
0.812500
0.375000
0.562500
1.312500
0.125000
0.500000
0.125000
0.625000
0.062500
0.375000
0.125000
1.437500
