0.000000000000000000e+00
0.000000000000000000e+00
0.000000000000000000e+00
0.000000000000000000e+00
0.000000000000000000e+00
0.000000000000000000e+00
0.000000000000000000e+00
0.000000000000000000e+00
0.000000000000000000e+00
0.000000000000000000e+00
0.000000000000000000e+00
0.000000000000000000e+00
0.000000000000000000e+00
0.000000000000000000e+00
0.000000000000000000e+00
0.000000000000000000e+00
0.000000000000000000e+00
0.000000000000000000e+00
0.000000000000000000e+00
0.000000000000000000e+00
0.000000000000000000e+00
0.000000000000000000e+00
0.000000000000000000e+00
0.000000000000000000e+00
0.000000000000000000e+00
0.000000000000000000e+00
0.000000000000000000e+00
0.000000000000000000e+00
0.000000000000000000e+00
0.000000000000000000e+00
0.000000000000000000e+00
0.000000000000000000e+00
0.000000000000000000e+00
0.000000000000000000e+00
0.000000000000000000e+00
0.000000000000000000e+00
0.000000000000000000e+00
0.000000000000000000e+00
0.000000000000000000e+00
0.000000000000000000e+00
0.000000000000000000e+00
0.000000000000000000e+00
0.000000000000000000e+00
0.000000000000000000e+00
0.000000000000000000e+00
0.000000000000000000e+00
0.000000000000000000e+00
0.000000000000000000e+00
0.000000000000000000e+00
0.000000000000000000e+00
0.000000000000000000e+00
0.000000000000000000e+00
0.000000000000000000e+00
0.000000000000000000e+00
0.000000000000000000e+00
0.000000000000000000e+00
0.000000000000000000e+00
0.000000000000000000e+00
0.000000000000000000e+00
0.000000000000000000e+00
0.000000000000000000e+00
0.000000000000000000e+00
0.000000000000000000e+00
0.000000000000000000e+00
0.000000000000000000e+00
0.000000000000000000e+00
0.000000000000000000e+00
0.000000000000000000e+00
0.000000000000000000e+00
0.000000000000000000e+00
0.000000000000000000e+00
0.000000000000000000e+00
0.000000000000000000e+00
0.000000000000000000e+00
0.000000000000000000e+00
0.000000000000000000e+00
0.000000000000000000e+00
0.000000000000000000e+00
0.000000000000000000e+00
0.000000000000000000e+00
0.000000000000000000e+00
0.000000000000000000e+00
0.000000000000000000e+00
0.000000000000000000e+00
0.000000000000000000e+00
0.000000000000000000e+00
0.000000000000000000e+00
0.000000000000000000e+00
0.000000000000000000e+00
0.000000000000000000e+00
0.000000000000000000e+00
0.000000000000000000e+00
0.000000000000000000e+00
0.000000000000000000e+00
0.000000000000000000e+00
0.000000000000000000e+00
0.000000000000000000e+00
0.000000000000000000e+00
0.000000000000000000e+00
0.000000000000000000e+00
0.000000000000000000e+00
0.000000000000000000e+00
0.000000000000000000e+00
0.000000000000000000e+00
0.000000000000000000e+00
0.000000000000000000e+00
0.000000000000000000e+00
0.000000000000000000e+00
0.000000000000000000e+00
0.000000000000000000e+00
0.000000000000000000e+00
0.000000000000000000e+00
0.000000000000000000e+00
0.000000000000000000e+00
0.000000000000000000e+00
0.000000000000000000e+00
0.000000000000000000e+00
0.000000000000000000e+00
0.000000000000000000e+00
0.000000000000000000e+00
0.000000000000000000e+00
0.000000000000000000e+00
0.000000000000000000e+00
0.000000000000000000e+00
0.000000000000000000e+00
0.000000000000000000e+00
0.000000000000000000e+00
0.000000000000000000e+00
0.000000000000000000e+00
0.000000000000000000e+00
0.000000000000000000e+00
0.000000000000000000e+00
0.000000000000000000e+00
0.000000000000000000e+00
0.000000000000000000e+00
0.000000000000000000e+00
0.000000000000000000e+00
0.000000000000000000e+00
0.000000000000000000e+00
0.000000000000000000e+00
0.000000000000000000e+00
0.000000000000000000e+00
0.000000000000000000e+00
0.000000000000000000e+00
0.000000000000000000e+00
0.000000000000000000e+00
0.000000000000000000e+00
0.000000000000000000e+00
0.000000000000000000e+00
0.000000000000000000e+00
0.000000000000000000e+00
0.000000000000000000e+00
0.000000000000000000e+00
0.000000000000000000e+00
0.000000000000000000e+00
0.000000000000000000e+00
0.000000000000000000e+00
0.000000000000000000e+00
0.000000000000000000e+00
0.000000000000000000e+00
0.000000000000000000e+00
0.000000000000000000e+00
0.000000000000000000e+00
0.000000000000000000e+00
0.000000000000000000e+00
0.000000000000000000e+00
0.000000000000000000e+00
0.000000000000000000e+00
0.000000000000000000e+00
0.000000000000000000e+00
0.000000000000000000e+00
0.000000000000000000e+00
0.000000000000000000e+00
0.000000000000000000e+00
0.000000000000000000e+00
0.000000000000000000e+00
0.000000000000000000e+00
0.000000000000000000e+00
0.000000000000000000e+00
0.000000000000000000e+00
0.000000000000000000e+00
0.000000000000000000e+00
0.000000000000000000e+00
0.000000000000000000e+00
0.000000000000000000e+00
0.000000000000000000e+00
0.000000000000000000e+00
0.000000000000000000e+00
1.419000000000000000e+03
1.419000000000000000e+03
1.418875000000000000e+03
1.418875000000000000e+03
1.418875000000000000e+03
1.418687500000000000e+03
1.418562500000000000e+03
1.418375000000000000e+03
1.418250000000000000e+03
1.418000000000000000e+03
1.417812500000000000e+03
1.417937500000000000e+03
1.418250000000000000e+03
1.418375000000000000e+03
1.418062500000000000e+03
1.417937500000000000e+03
1.418250000000000000e+03
1.418500000000000000e+03
1.418312500000000000e+03
1.418062500000000000e+03
1.418125000000000000e+03
1.418812500000000000e+03
1.418625000000000000e+03
1.418250000000000000e+03
1.417500000000000000e+03
1.417125000000000000e+03
1.416875000000000000e+03
1.417000000000000000e+03
1.417500000000000000e+03
1.417687500000000000e+03
1.417812500000000000e+03
1.418000000000000000e+03
1.418187500000000000e+03
1.418437500000000000e+03
1.418500000000000000e+03
1.418500000000000000e+03
1.418375000000000000e+03
1.418062500000000000e+03
1.418062500000000000e+03
1.418000000000000000e+03
1.418000000000000000e+03
1.418125000000000000e+03
1.418187500000000000e+03
1.417812500000000000e+03
1.417812500000000000e+03
1.417812500000000000e+03
1.418000000000000000e+03
1.418000000000000000e+03
1.417937500000000000e+03
1.418000000000000000e+03
1.418125000000000000e+03
1.418375000000000000e+03
1.418562500000000000e+03
1.418562500000000000e+03
1.418437500000000000e+03
1.418125000000000000e+03
1.418000000000000000e+03
1.417937500000000000e+03
1.417625000000000000e+03
1.417562500000000000e+03
1.417687500000000000e+03
1.417875000000000000e+03
1.418000000000000000e+03
1.418187500000000000e+03
1.418187500000000000e+03
1.418375000000000000e+03
1.419000000000000000e+03
1.419000000000000000e+03
1.418687500000000000e+03
1.418250000000000000e+03
1.418250000000000000e+03
1.418375000000000000e+03
1.418812500000000000e+03
1.418500000000000000e+03
1.418375000000000000e+03
1.418875000000000000e+03
1.419250000000000000e+03
1.419312500000000000e+03
1.419500000000000000e+03
1.419000000000000000e+03
1.418500000000000000e+03
1.417937500000000000e+03
1.417312500000000000e+03
1.416750000000000000e+03
1.417250000000000000e+03
1.417500000000000000e+03
1.417500000000000000e+03
1.417500000000000000e+03
1.418000000000000000e+03
1.418062500000000000e+03
1.418187500000000000e+03
1.418125000000000000e+03
1.418375000000000000e+03
1.418625000000000000e+03
1.418375000000000000e+03
1.418125000000000000e+03
1.418062500000000000e+03
1.418000000000000000e+03
1.417812500000000000e+03
1.418000000000000000e+03
1.417875000000000000e+03
1.418000000000000000e+03
1.417812500000000000e+03
1.417750000000000000e+03
1.418062500000000000e+03
1.418375000000000000e+03
1.418437500000000000e+03
1.418375000000000000e+03
1.418375000000000000e+03
1.418312500000000000e+03
1.418250000000000000e+03
1.418000000000000000e+03
1.417937500000000000e+03
1.417750000000000000e+03
1.417750000000000000e+03
1.418125000000000000e+03
1.418375000000000000e+03
1.418375000000000000e+03
1.418312500000000000e+03
1.418187500000000000e+03
1.418125000000000000e+03
1.418312500000000000e+03
1.418625000000000000e+03
1.418750000000000000e+03
1.418812500000000000e+03
1.418750000000000000e+03
1.418375000000000000e+03
1.418312500000000000e+03
1.418500000000000000e+03
1.418750000000000000e+03
1.418812500000000000e+03
1.419250000000000000e+03
1.419937500000000000e+03
1.420875000000000000e+03
1.420875000000000000e+03
1.420625000000000000e+03
1.420250000000000000e+03
1.419312500000000000e+03
1.418875000000000000e+03
1.418312500000000000e+03
1.417875000000000000e+03
1.417625000000000000e+03
1.417625000000000000e+03
1.417562500000000000e+03
1.417562500000000000e+03
1.417875000000000000e+03
1.418437500000000000e+03
1.418562500000000000e+03
1.418500000000000000e+03
1.418375000000000000e+03
1.418000000000000000e+03
1.417625000000000000e+03
1.418125000000000000e+03
1.418437500000000000e+03
1.418312500000000000e+03
1.418000000000000000e+03
1.417375000000000000e+03
1.416937500000000000e+03
1.416312500000000000e+03
1.415375000000000000e+03
1.415000000000000000e+03
1.414750000000000000e+03
1.414375000000000000e+03
1.414312500000000000e+03
1.414000000000000000e+03
1.413187500000000000e+03
1.412312500000000000e+03
1.411937500000000000e+03
1.411062500000000000e+03
1.409937500000000000e+03
1.409187500000000000e+03
1.409187500000000000e+03
1.409000000000000000e+03
1.408250000000000000e+03
1.407437500000000000e+03
1.407125000000000000e+03
1.407000000000000000e+03
1.406500000000000000e+03
1.405812500000000000e+03
1.405250000000000000e+03
1.405000000000000000e+03
1.404375000000000000e+03
1.403812500000000000e+03
1.403375000000000000e+03
1.403000000000000000e+03
1.402187500000000000e+03
1.401312500000000000e+03
1.400312500000000000e+03
1.399750000000000000e+03
1.399312500000000000e+03
1.399000000000000000e+03
1.399000000000000000e+03
1.398812500000000000e+03
1.398000000000000000e+03
1.397062500000000000e+03
1.396687500000000000e+03
1.396375000000000000e+03
1.396000000000000000e+03
1.395062500000000000e+03
1.394312500000000000e+03
1.393875000000000000e+03
1.393250000000000000e+03
1.392937500000000000e+03
1.392625000000000000e+03
1.392000000000000000e+03
1.391125000000000000e+03
1.390250000000000000e+03
1.389312500000000000e+03
1.388937500000000000e+03
1.388062500000000000e+03
1.387250000000000000e+03
1.387062500000000000e+03
1.386875000000000000e+03
1.385875000000000000e+03
1.384687500000000000e+03
1.384312500000000000e+03
1.384125000000000000e+03
1.383625000000000000e+03
1.383125000000000000e+03
1.382937500000000000e+03
1.382625000000000000e+03
1.382000000000000000e+03
1.381125000000000000e+03
1.380375000000000000e+03
1.379562500000000000e+03
1.378937500000000000e+03
1.378750000000000000e+03
1.378000000000000000e+03
1.376937500000000000e+03
1.376687500000000000e+03
1.376812500000000000e+03
1.376375000000000000e+03
1.375875000000000000e+03
1.375562500000000000e+03
1.375062500000000000e+03
1.374312500000000000e+03
1.373687500000000000e+03
1.373125000000000000e+03
1.372875000000000000e+03
1.372687500000000000e+03
1.372062500000000000e+03
1.371062500000000000e+03
1.370437500000000000e+03
1.370125000000000000e+03
1.369750000000000000e+03
1.369062500000000000e+03
1.368562500000000000e+03
1.367812500000000000e+03
1.367125000000000000e+03
1.366687500000000000e+03
1.365875000000000000e+03
1.365250000000000000e+03
1.364625000000000000e+03
1.364000000000000000e+03
1.363500000000000000e+03
1.362937500000000000e+03
1.362375000000000000e+03
1.361937500000000000e+03
1.361687500000000000e+03
1.361375000000000000e+03
1.361062500000000000e+03
1.360562500000000000e+03
1.359937500000000000e+03
1.359187500000000000e+03
1.358562500000000000e+03
1.358062500000000000e+03
1.357562500000000000e+03
1.356625000000000000e+03
1.355312500000000000e+03
1.354812500000000000e+03
1.354687500000000000e+03
1.354562500000000000e+03
1.354125000000000000e+03
1.353625000000000000e+03
1.352937500000000000e+03
1.352375000000000000e+03
1.351937500000000000e+03
1.351375000000000000e+03
1.350500000000000000e+03
1.350000000000000000e+03
1.349812500000000000e+03
1.349125000000000000e+03
1.348250000000000000e+03
1.347875000000000000e+03
1.347375000000000000e+03
1.347000000000000000e+03
1.346625000000000000e+03
1.345812500000000000e+03
1.345000000000000000e+03
1.344437500000000000e+03
1.344000000000000000e+03
1.343812500000000000e+03
1.343375000000000000e+03
1.343000000000000000e+03
1.342125000000000000e+03
1.341437500000000000e+03
1.341250000000000000e+03
1.340875000000000000e+03
1.339937500000000000e+03
1.339000000000000000e+03
1.338750000000000000e+03
1.338187500000000000e+03
1.337250000000000000e+03
1.336500000000000000e+03
1.336187500000000000e+03
1.335875000000000000e+03
1.335062500000000000e+03
1.334625000000000000e+03
1.334250000000000000e+03
1.333812500000000000e+03
1.333062500000000000e+03
1.332625000000000000e+03
1.332000000000000000e+03
1.331562500000000000e+03
1.331062500000000000e+03
1.330437500000000000e+03
1.330062500000000000e+03
1.329875000000000000e+03
1.329062500000000000e+03
1.328000000000000000e+03
1.327312500000000000e+03
1.326875000000000000e+03
1.326250000000000000e+03
1.325875000000000000e+03
1.325625000000000000e+03
1.325500000000000000e+03
1.324687500000000000e+03
1.324750000000000000e+03
1.325187500000000000e+03
1.325875000000000000e+03
1.326437500000000000e+03
1.326937500000000000e+03
1.327375000000000000e+03
1.328000000000000000e+03
1.328750000000000000e+03
1.329187500000000000e+03
1.329375000000000000e+03
1.329687500000000000e+03
1.329937500000000000e+03
1.330187500000000000e+03
1.330750000000000000e+03
1.331062500000000000e+03
1.331625000000000000e+03
1.332187500000000000e+03
1.332750000000000000e+03
1.333062500000000000e+03
1.333312500000000000e+03
1.333687500000000000e+03
1.333937500000000000e+03
1.333937500000000000e+03
1.334500000000000000e+03
1.335375000000000000e+03
1.335687500000000000e+03
1.335875000000000000e+03
1.336625000000000000e+03
1.338062500000000000e+03
1.338625000000000000e+03
1.338312500000000000e+03
1.338625000000000000e+03
1.339687500000000000e+03
1.340062500000000000e+03
1.340187500000000000e+03
1.340562500000000000e+03
1.341375000000000000e+03
1.342062500000000000e+03
1.342625000000000000e+03
1.342875000000000000e+03
1.342937500000000000e+03
1.342812500000000000e+03
1.343125000000000000e+03
1.344125000000000000e+03
1.344625000000000000e+03
1.345312500000000000e+03
1.346687500000000000e+03
1.346625000000000000e+03
1.346625000000000000e+03
1.347000000000000000e+03
1.347125000000000000e+03
1.348000000000000000e+03
1.348812500000000000e+03
1.348937500000000000e+03
1.348937500000000000e+03
1.348750000000000000e+03
1.348937500000000000e+03
1.349937500000000000e+03
1.350937500000000000e+03
1.351375000000000000e+03
1.352000000000000000e+03
1.352250000000000000e+03
1.352687500000000000e+03
1.353250000000000000e+03
1.353875000000000000e+03
1.354000000000000000e+03
1.354250000000000000e+03
1.354875000000000000e+03
1.355062500000000000e+03
1.355312500000000000e+03
1.356125000000000000e+03
1.356687500000000000e+03
1.357125000000000000e+03
1.357437500000000000e+03
1.357375000000000000e+03
1.357625000000000000e+03
1.358312500000000000e+03
1.359437500000000000e+03
1.360125000000000000e+03
1.360750000000000000e+03
1.361000000000000000e+03
1.360937500000000000e+03
1.362000000000000000e+03
1.362625000000000000e+03
1.363000000000000000e+03
1.363000000000000000e+03
1.362750000000000000e+03
1.363000000000000000e+03
1.363375000000000000e+03
1.364187500000000000e+03
1.365187500000000000e+03
1.365937500000000000e+03
1.366500000000000000e+03
1.367125000000000000e+03
1.367562500000000000e+03
1.367625000000000000e+03
1.367500000000000000e+03
1.368625000000000000e+03
1.368812500000000000e+03
1.368750000000000000e+03
1.369312500000000000e+03
1.369875000000000000e+03
1.370000000000000000e+03
1.370375000000000000e+03
1.370437500000000000e+03
1.370687500000000000e+03
1.371312500000000000e+03
1.372312500000000000e+03
1.373062500000000000e+03
1.373687500000000000e+03
1.373750000000000000e+03
1.374187500000000000e+03
1.374812500000000000e+03
1.375312500000000000e+03
1.376000000000000000e+03
1.376000000000000000e+03
1.376000000000000000e+03
1.376375000000000000e+03
1.377625000000000000e+03
1.378312500000000000e+03
1.378812500000000000e+03
1.379375000000000000e+03
1.379812500000000000e+03
1.380312500000000000e+03
1.380875000000000000e+03
1.381125000000000000e+03
1.381187500000000000e+03
1.381250000000000000e+03
1.381687500000000000e+03
1.382000000000000000e+03
1.382250000000000000e+03
1.383375000000000000e+03
1.384625000000000000e+03
1.384750000000000000e+03
1.384812500000000000e+03
1.384812500000000000e+03
1.384812500000000000e+03
1.385187500000000000e+03
1.386562500000000000e+03
1.387250000000000000e+03
1.387812500000000000e+03
1.389000000000000000e+03
1.390562500000000000e+03
1.390937500000000000e+03
1.390687500000000000e+03
1.390250000000000000e+03
1.390625000000000000e+03
1.391000000000000000e+03
1.391000000000000000e+03
1.391562500000000000e+03
1.392312500000000000e+03
1.392687500000000000e+03
1.392812500000000000e+03
1.393125000000000000e+03
1.393750000000000000e+03
1.394375000000000000e+03
1.395437500000000000e+03
1.395312500000000000e+03
1.395250000000000000e+03
1.395375000000000000e+03
1.396000000000000000e+03
1.396812500000000000e+03
1.397062500000000000e+03
1.397187500000000000e+03
1.397375000000000000e+03
1.398687500000000000e+03
1.399687500000000000e+03
1.400000000000000000e+03
1.400062500000000000e+03
1.400437500000000000e+03
1.401625000000000000e+03
1.402000000000000000e+03
1.402312500000000000e+03
1.404875000000000000e+03
1.405437500000000000e+03
1.405562500000000000e+03
1.405062500000000000e+03
1.404312500000000000e+03
1.403875000000000000e+03
1.404000000000000000e+03
1.404500000000000000e+03
1.405625000000000000e+03
1.406062500000000000e+03
1.406125000000000000e+03
1.406812500000000000e+03
1.407687500000000000e+03
1.408062500000000000e+03
1.408437500000000000e+03
1.409062500000000000e+03
1.409687500000000000e+03
1.409875000000000000e+03
1.409812500000000000e+03
1.410062500000000000e+03
1.412000000000000000e+03
1.413062500000000000e+03
1.413625000000000000e+03
1.414375000000000000e+03
1.414625000000000000e+03
1.414000000000000000e+03
1.414125000000000000e+03
1.414687500000000000e+03
1.415000000000000000e+03
1.415312500000000000e+03
1.415875000000000000e+03
1.416250000000000000e+03
1.416937500000000000e+03
1.417812500000000000e+03
1.418062500000000000e+03
1.418312500000000000e+03
1.418312500000000000e+03
1.418312500000000000e+03
1.418375000000000000e+03
1.418875000000000000e+03
1.419062500000000000e+03
1.419187500000000000e+03
1.419250000000000000e+03
1.419250000000000000e+03
1.419312500000000000e+03
1.419062500000000000e+03
1.418812500000000000e+03
1.418437500000000000e+03
1.418125000000000000e+03
1.418250000000000000e+03
1.418187500000000000e+03
1.418187500000000000e+03
1.418125000000000000e+03
1.418000000000000000e+03
1.418000000000000000e+03
1.418062500000000000e+03
1.418125000000000000e+03
1.418125000000000000e+03
1.418000000000000000e+03
1.417750000000000000e+03
1.417687500000000000e+03
1.417500000000000000e+03
1.417562500000000000e+03
1.417812500000000000e+03
1.417937500000000000e+03
1.418375000000000000e+03
1.418687500000000000e+03
1.418437500000000000e+03
1.419062500000000000e+03
1.419187500000000000e+03
1.419500000000000000e+03
1.419750000000000000e+03
1.419687500000000000e+03
1.419812500000000000e+03
1.419875000000000000e+03
1.419750000000000000e+03
1.419625000000000000e+03
1.419812500000000000e+03
1.420187500000000000e+03
1.420500000000000000e+03
1.418625000000000000e+03
1.419500000000000000e+03
1.419750000000000000e+03
1.420000000000000000e+03
1.420250000000000000e+03
1.420187500000000000e+03
1.419812500000000000e+03
1.420125000000000000e+03
1.420000000000000000e+03
1.420000000000000000e+03
1.420062500000000000e+03
1.419875000000000000e+03
1.419875000000000000e+03
1.419875000000000000e+03
1.420000000000000000e+03
1.420000000000000000e+03
1.420000000000000000e+03
1.420000000000000000e+03
1.419750000000000000e+03
1.419500000000000000e+03
1.419250000000000000e+03
1.419125000000000000e+03
1.419437500000000000e+03
1.419125000000000000e+03
1.418812500000000000e+03
1.418875000000000000e+03
1.418875000000000000e+03
1.418875000000000000e+03
1.418812500000000000e+03
1.418875000000000000e+03
1.418937500000000000e+03
1.419250000000000000e+03
1.418812500000000000e+03
1.418437500000000000e+03
1.418500000000000000e+03
1.418125000000000000e+03
1.417812500000000000e+03
1.418000000000000000e+03
1.418187500000000000e+03
1.418250000000000000e+03
1.418375000000000000e+03
1.418875000000000000e+03
1.419312500000000000e+03
1.419375000000000000e+03
1.419312500000000000e+03
1.418937500000000000e+03
1.418750000000000000e+03
1.418312500000000000e+03
1.418125000000000000e+03
1.417750000000000000e+03
1.417250000000000000e+03
1.416750000000000000e+03
1.416312500000000000e+03
1.416250000000000000e+03
1.415125000000000000e+03
1.412250000000000000e+03
1.406937500000000000e+03
1.404250000000000000e+03
1.401625000000000000e+03
1.399625000000000000e+03
1.398312500000000000e+03
1.397125000000000000e+03
1.395750000000000000e+03
1.394375000000000000e+03
1.393000000000000000e+03
1.391625000000000000e+03
1.390312500000000000e+03
1.389062500000000000e+03
1.388312500000000000e+03
1.387812500000000000e+03
1.386875000000000000e+03
1.386000000000000000e+03
1.385062500000000000e+03
1.384250000000000000e+03
1.383687500000000000e+03
1.382937500000000000e+03
1.382187500000000000e+03
1.381437500000000000e+03
1.380812500000000000e+03
1.380250000000000000e+03
1.379625000000000000e+03
1.379062500000000000e+03
1.378437500000000000e+03
1.377875000000000000e+03
1.377250000000000000e+03
1.376687500000000000e+03
1.376000000000000000e+03
1.375375000000000000e+03
1.374937500000000000e+03
1.374250000000000000e+03
1.373687500000000000e+03
1.373250000000000000e+03
1.373312500000000000e+03
1.373125000000000000e+03
1.372187500000000000e+03
1.371625000000000000e+03
1.370937500000000000e+03
1.370562500000000000e+03
1.370250000000000000e+03
1.369687500000000000e+03
1.368875000000000000e+03
1.368375000000000000e+03
1.368125000000000000e+03
1.368000000000000000e+03
1.367625000000000000e+03
1.367125000000000000e+03
1.366875000000000000e+03
1.366375000000000000e+03
1.366062500000000000e+03
1.365937500000000000e+03
1.365375000000000000e+03
1.365000000000000000e+03
1.364375000000000000e+03
1.363937500000000000e+03
1.363687500000000000e+03
1.363375000000000000e+03
1.363062500000000000e+03
1.362812500000000000e+03
1.362187500000000000e+03
1.361937500000000000e+03
1.361812500000000000e+03
1.361687500000000000e+03
1.361250000000000000e+03
1.360812500000000000e+03
1.360250000000000000e+03
1.360000000000000000e+03
1.359812500000000000e+03
1.359687500000000000e+03
1.359375000000000000e+03
1.359125000000000000e+03
1.358875000000000000e+03
1.358250000000000000e+03
1.357875000000000000e+03
1.357625000000000000e+03
1.357437500000000000e+03
1.357250000000000000e+03
1.357000000000000000e+03
1.356812500000000000e+03
1.356562500000000000e+03
1.356187500000000000e+03
1.355937500000000000e+03
1.355687500000000000e+03
1.355312500000000000e+03
1.355000000000000000e+03
1.354687500000000000e+03
1.354375000000000000e+03
1.354375000000000000e+03
1.354312500000000000e+03
1.354000000000000000e+03
1.353687500000000000e+03
1.353625000000000000e+03
1.353437500000000000e+03
1.353187500000000000e+03
1.352937500000000000e+03
1.352437500000000000e+03
1.352187500000000000e+03
1.352062500000000000e+03
1.352000000000000000e+03
1.351937500000000000e+03
1.351812500000000000e+03
1.351750000000000000e+03
1.351687500000000000e+03
1.351375000000000000e+03
1.351000000000000000e+03
1.350812500000000000e+03
1.350562500000000000e+03
1.350312500000000000e+03
1.350062500000000000e+03
1.349937500000000000e+03
1.349687500000000000e+03
1.349562500000000000e+03
1.349562500000000000e+03
1.349625000000000000e+03
1.349375000000000000e+03
1.349187500000000000e+03
1.349000000000000000e+03
1.348875000000000000e+03
1.348750000000000000e+03
1.348625000000000000e+03
1.348375000000000000e+03
1.348187500000000000e+03
1.348000000000000000e+03
1.348000000000000000e+03
1.348000000000000000e+03
1.348000000000000000e+03
1.347937500000000000e+03
1.347812500000000000e+03
1.347687500000000000e+03
1.347437500000000000e+03
1.347187500000000000e+03
1.347000000000000000e+03
1.347000000000000000e+03
1.346937500000000000e+03
1.346812500000000000e+03
1.346687500000000000e+03
1.346312500000000000e+03
1.346062500000000000e+03
1.346062500000000000e+03
1.346062500000000000e+03
1.346000000000000000e+03
1.345812500000000000e+03
1.345812500000000000e+03
1.345937500000000000e+03
1.346000000000000000e+03
1.345812500000000000e+03
1.345437500000000000e+03
1.345250000000000000e+03
1.345125000000000000e+03
1.345062500000000000e+03
1.345062500000000000e+03
1.345250000000000000e+03
1.345437500000000000e+03
1.345375000000000000e+03
1.345125000000000000e+03
1.345000000000000000e+03
1.345000000000000000e+03
1.345000000000000000e+03
1.345000000000000000e+03
1.345062500000000000e+03
1.345062500000000000e+03
1.345000000000000000e+03
1.344937500000000000e+03
1.344875000000000000e+03
1.344687500000000000e+03
1.344562500000000000e+03
1.344562500000000000e+03
1.344625000000000000e+03
1.344625000000000000e+03
1.344562500000000000e+03
1.344250000000000000e+03
1.344000000000000000e+03
1.343875000000000000e+03
1.343937500000000000e+03
1.343812500000000000e+03
1.343625000000000000e+03
1.343625000000000000e+03
1.343687500000000000e+03
1.343750000000000000e+03
1.343687500000000000e+03
1.343812500000000000e+03
1.344000000000000000e+03
1.344187500000000000e+03
1.344187500000000000e+03
1.344000000000000000e+03
1.343875000000000000e+03
1.343750000000000000e+03
1.343687500000000000e+03
1.343562500000000000e+03
1.343750000000000000e+03
1.343812500000000000e+03
1.343875000000000000e+03
1.343875000000000000e+03
1.343875000000000000e+03
1.343812500000000000e+03
1.343937500000000000e+03
1.344000000000000000e+03
1.344000000000000000e+03
1.344000000000000000e+03
1.344062500000000000e+03
1.344062500000000000e+03
1.344250000000000000e+03
1.344375000000000000e+03
1.344312500000000000e+03
1.344187500000000000e+03
1.344125000000000000e+03
1.344250000000000000e+03
1.344375000000000000e+03
1.344625000000000000e+03
1.344750000000000000e+03
1.344875000000000000e+03
1.345000000000000000e+03
1.344937500000000000e+03
1.344875000000000000e+03
1.344875000000000000e+03
1.344937500000000000e+03
1.345000000000000000e+03
1.345000000000000000e+03
1.345000000000000000e+03
1.344937500000000000e+03
1.345000000000000000e+03
1.345187500000000000e+03
1.345375000000000000e+03
1.345625000000000000e+03
1.345750000000000000e+03
1.345687500000000000e+03
1.345562500000000000e+03
1.345562500000000000e+03
1.345687500000000000e+03
1.345812500000000000e+03
1.345875000000000000e+03
1.345875000000000000e+03
1.345812500000000000e+03
1.345937500000000000e+03
1.346000000000000000e+03
1.346062500000000000e+03
1.346187500000000000e+03
1.346375000000000000e+03
1.346625000000000000e+03
1.346812500000000000e+03
1.346937500000000000e+03
1.346875000000000000e+03
1.346937500000000000e+03
1.347125000000000000e+03
1.347187500000000000e+03
1.347187500000000000e+03
1.347312500000000000e+03
1.347750000000000000e+03
1.348000000000000000e+03
1.348000000000000000e+03
1.348000000000000000e+03
1.348187500000000000e+03
1.348375000000000000e+03
1.348687500000000000e+03
1.348937500000000000e+03
1.349125000000000000e+03
1.349250000000000000e+03
1.349312500000000000e+03
1.349625000000000000e+03
1.349875000000000000e+03
1.350000000000000000e+03
1.350125000000000000e+03
1.350250000000000000e+03
1.350187500000000000e+03
1.350250000000000000e+03
1.350375000000000000e+03
1.350625000000000000e+03
1.350937500000000000e+03
1.351062500000000000e+03
1.351125000000000000e+03
1.351125000000000000e+03
1.351250000000000000e+03
1.351562500000000000e+03
1.351875000000000000e+03
1.352250000000000000e+03
1.352687500000000000e+03
1.352812500000000000e+03
1.352812500000000000e+03
1.352875000000000000e+03
1.352937500000000000e+03
1.353000000000000000e+03
1.353250000000000000e+03
1.353687500000000000e+03
1.353937500000000000e+03
1.354125000000000000e+03
1.354437500000000000e+03
1.354937500000000000e+03
1.355125000000000000e+03
1.355250000000000000e+03
1.355500000000000000e+03
1.356000000000000000e+03
1.356437500000000000e+03
1.356437500000000000e+03
1.356250000000000000e+03
1.356625000000000000e+03
1.357000000000000000e+03
1.357312500000000000e+03
1.357812500000000000e+03
1.358000000000000000e+03
1.358062500000000000e+03
1.358500000000000000e+03
1.358937500000000000e+03
1.359000000000000000e+03
1.359125000000000000e+03
1.359375000000000000e+03
1.359812500000000000e+03
1.360125000000000000e+03
1.360625000000000000e+03
1.360937500000000000e+03
1.361125000000000000e+03
1.361437500000000000e+03
1.361937500000000000e+03
1.362250000000000000e+03
1.362812500000000000e+03
1.363125000000000000e+03
1.363500000000000000e+03
1.363875000000000000e+03
1.364250000000000000e+03
1.364750000000000000e+03
1.364937500000000000e+03
1.365062500000000000e+03
1.365375000000000000e+03
1.365875000000000000e+03
1.366312500000000000e+03
1.366812500000000000e+03
1.367187500000000000e+03
1.367625000000000000e+03
1.368062500000000000e+03
1.368750000000000000e+03
1.369125000000000000e+03
1.369750000000000000e+03
1.370187500000000000e+03
1.370750000000000000e+03
1.371187500000000000e+03
1.371625000000000000e+03
1.372062500000000000e+03
1.372812500000000000e+03
1.373437500000000000e+03
1.374000000000000000e+03
1.374500000000000000e+03
1.375062500000000000e+03
1.375812500000000000e+03
1.446750000000000000e+03
1.376875000000000000e+03
1.377437500000000000e+03
1.378000000000000000e+03
1.378687500000000000e+03
1.379312500000000000e+03
1.380000000000000000e+03
1.442687500000000000e+03
1.442937500000000000e+03
1.380875000000000000e+03
1.442875000000000000e+03
1.442500000000000000e+03
1.441875000000000000e+03
1.440500000000000000e+03
1.440125000000000000e+03
1.440125000000000000e+03
1.440125000000000000e+03
1.387062500000000000e+03
1.387375000000000000e+03
1.387937500000000000e+03
1.388875000000000000e+03
1.390250000000000000e+03
1.391312500000000000e+03
1.392062500000000000e+03
1.392625000000000000e+03
1.421687500000000000e+03
1.421250000000000000e+03
1.420750000000000000e+03
1.420062500000000000e+03
1.419437500000000000e+03
1.418937500000000000e+03
1.418250000000000000e+03
1.416187500000000000e+03
1.415625000000000000e+03
1.415687500000000000e+03
1.415875000000000000e+03
1.416250000000000000e+03
1.416187500000000000e+03
1.416000000000000000e+03
1.416000000000000000e+03
1.416312500000000000e+03
1.416687500000000000e+03
1.416937500000000000e+03
1.417312500000000000e+03
1.417437500000000000e+03
1.417875000000000000e+03
1.418062500000000000e+03
1.418125000000000000e+03
1.418062500000000000e+03
1.418250000000000000e+03
1.418500000000000000e+03
1.417687500000000000e+03
1.417375000000000000e+03
1.417250000000000000e+03
1.417187500000000000e+03
1.417375000000000000e+03
1.417500000000000000e+03
1.417437500000000000e+03
1.417375000000000000e+03
1.417187500000000000e+03
1.417062500000000000e+03
1.417000000000000000e+03
1.417000000000000000e+03
1.417000000000000000e+03
1.416937500000000000e+03
1.417000000000000000e+03
1.417125000000000000e+03
1.417125000000000000e+03
1.417250000000000000e+03
1.417375000000000000e+03
1.417750000000000000e+03
1.417750000000000000e+03
1.418250000000000000e+03
1.417812500000000000e+03
1.417625000000000000e+03
1.417375000000000000e+03
1.417125000000000000e+03
1.416750000000000000e+03
1.416500000000000000e+03
1.416125000000000000e+03
1.416250000000000000e+03
1.416625000000000000e+03
1.416812500000000000e+03
1.416812500000000000e+03
1.416750000000000000e+03
1.416687500000000000e+03
1.416812500000000000e+03
1.416875000000000000e+03
1.417000000000000000e+03
1.416750000000000000e+03
1.416625000000000000e+03
1.416437500000000000e+03
1.416625000000000000e+03
1.416562500000000000e+03
1.416375000000000000e+03
1.416562500000000000e+03
1.416812500000000000e+03
1.416937500000000000e+03
1.416750000000000000e+03
1.416437500000000000e+03
1.416312500000000000e+03
1.416375000000000000e+03
1.416562500000000000e+03
1.416750000000000000e+03
1.416625000000000000e+03
1.416500000000000000e+03
1.416562500000000000e+03
1.416750000000000000e+03
1.416875000000000000e+03
1.416937500000000000e+03
1.417000000000000000e+03
1.417250000000000000e+03
1.417500000000000000e+03
1.417437500000000000e+03
1.417375000000000000e+03
1.417250000000000000e+03
1.417250000000000000e+03
1.417062500000000000e+03
1.417062500000000000e+03
1.417250000000000000e+03
1.417437500000000000e+03
1.417500000000000000e+03
1.417375000000000000e+03
1.417187500000000000e+03
1.417312500000000000e+03
1.417312500000000000e+03
1.416812500000000000e+03
1.416562500000000000e+03
1.416375000000000000e+03
1.415812500000000000e+03
1.415625000000000000e+03
1.415750000000000000e+03
1.416812500000000000e+03
1.417000000000000000e+03
1.417125000000000000e+03
1.417250000000000000e+03
1.417250000000000000e+03
1.417187500000000000e+03
1.417250000000000000e+03
1.418000000000000000e+03
1.417125000000000000e+03
1.417000000000000000e+03
1.360687500000000000e+03
1.360625000000000000e+03
1.360687500000000000e+03
1.360812500000000000e+03
1.360812500000000000e+03
1.360750000000000000e+03
1.360750000000000000e+03
1.360687500000000000e+03
1.360687500000000000e+03
1.360562500000000000e+03
1.360250000000000000e+03
1.360000000000000000e+03
1.360000000000000000e+03
1.360312500000000000e+03
1.360625000000000000e+03
1.360750000000000000e+03
1.360875000000000000e+03
1.361000000000000000e+03
1.361250000000000000e+03
1.361187500000000000e+03
1.361000000000000000e+03
1.361000000000000000e+03
1.360937500000000000e+03
1.360625000000000000e+03
1.360250000000000000e+03
1.360250000000000000e+03
1.360375000000000000e+03
1.360375000000000000e+03
1.360312500000000000e+03
1.360312500000000000e+03
1.360687500000000000e+03
1.361000000000000000e+03
1.360875000000000000e+03
1.360562500000000000e+03
1.360500000000000000e+03
1.360625000000000000e+03
1.360625000000000000e+03
1.360500000000000000e+03
1.360500000000000000e+03
1.360812500000000000e+03
1.360937500000000000e+03
1.360750000000000000e+03
1.360687500000000000e+03
1.360937500000000000e+03
1.361125000000000000e+03
1.360937500000000000e+03
1.360625000000000000e+03
1.360625000000000000e+03
1.360687500000000000e+03
1.360875000000000000e+03
1.360875000000000000e+03
1.360625000000000000e+03
1.360187500000000000e+03
1.346062500000000000e+03
1.360187500000000000e+03
1.360375000000000000e+03
1.360500000000000000e+03
1.360687500000000000e+03
1.360750000000000000e+03
1.360750000000000000e+03
1.360625000000000000e+03
1.360437500000000000e+03
1.360500000000000000e+03
1.360562500000000000e+03
1.360625000000000000e+03
1.360687500000000000e+03
1.360750000000000000e+03
1.360750000000000000e+03
1.361000000000000000e+03
1.361000000000000000e+03
1.361062500000000000e+03
1.361125000000000000e+03
1.361375000000000000e+03
1.361562500000000000e+03
1.361562500000000000e+03
1.361437500000000000e+03
1.361312500000000000e+03
1.361250000000000000e+03
1.361250000000000000e+03
1.361687500000000000e+03
1.361750000000000000e+03
1.361750000000000000e+03
1.361687500000000000e+03
1.361500000000000000e+03
1.361375000000000000e+03
1.361375000000000000e+03
1.361375000000000000e+03
1.361500000000000000e+03
1.361687500000000000e+03
1.361625000000000000e+03
1.361312500000000000e+03
1.361062500000000000e+03
1.361125000000000000e+03
1.361500000000000000e+03
1.361687500000000000e+03
1.361812500000000000e+03
1.361875000000000000e+03
1.361750000000000000e+03
1.361687500000000000e+03
1.361687500000000000e+03
1.361812500000000000e+03
1.361875000000000000e+03
1.361750000000000000e+03
1.361687500000000000e+03
1.361687500000000000e+03
1.361625000000000000e+03
1.361500000000000000e+03
1.361250000000000000e+03
1.361125000000000000e+03
1.361125000000000000e+03
1.361187500000000000e+03
1.361187500000000000e+03
1.361125000000000000e+03
1.361125000000000000e+03
1.361187500000000000e+03
1.361375000000000000e+03
1.361687500000000000e+03
1.361687500000000000e+03
1.361437500000000000e+03
1.361437500000000000e+03
1.361375000000000000e+03
1.361437500000000000e+03
1.361375000000000000e+03
1.361250000000000000e+03
1.360937500000000000e+03
1.360562500000000000e+03
1.360812500000000000e+03
1.361250000000000000e+03
1.361562500000000000e+03
1.361500000000000000e+03
1.361375000000000000e+03
1.361250000000000000e+03
1.344687500000000000e+03
1.344750000000000000e+03
1.344750000000000000e+03
1.344687500000000000e+03
1.361000000000000000e+03
1.361000000000000000e+03
1.361062500000000000e+03
1.361125000000000000e+03
1.361062500000000000e+03
1.361062500000000000e+03
1.361062500000000000e+03
1.361125000000000000e+03
1.361062500000000000e+03
1.361062500000000000e+03
1.361062500000000000e+03
1.361000000000000000e+03
1.360937500000000000e+03
1.361000000000000000e+03
1.360937500000000000e+03
1.360937500000000000e+03
1.360937500000000000e+03
1.360937500000000000e+03
1.360812500000000000e+03
1.360750000000000000e+03
1.360750000000000000e+03
1.360812500000000000e+03
1.360937500000000000e+03
1.360937500000000000e+03
1.361000000000000000e+03
1.361250000000000000e+03
1.361562500000000000e+03
1.361687500000000000e+03
1.361500000000000000e+03
1.361375000000000000e+03
1.361312500000000000e+03
1.388812500000000000e+03
1.388875000000000000e+03
1.360250000000000000e+03
1.360500000000000000e+03
1.360625000000000000e+03
1.360687500000000000e+03
1.360687500000000000e+03
1.360562500000000000e+03
1.360500000000000000e+03
1.360562500000000000e+03
1.360625000000000000e+03
1.360750000000000000e+03
1.360750000000000000e+03
1.360875000000000000e+03
1.360875000000000000e+03
1.360812500000000000e+03
1.360937500000000000e+03
1.361062500000000000e+03
1.361062500000000000e+03
1.360875000000000000e+03
1.360750000000000000e+03
1.360687500000000000e+03
1.360812500000000000e+03
1.360875000000000000e+03
1.360812500000000000e+03
1.360750000000000000e+03
1.360687500000000000e+03
1.360812500000000000e+03
1.360937500000000000e+03
1.360937500000000000e+03
1.360812500000000000e+03
1.360875000000000000e+03
1.361000000000000000e+03
1.361062500000000000e+03
1.361000000000000000e+03
1.361000000000000000e+03
1.361000000000000000e+03
1.361187500000000000e+03
1.361312500000000000e+03
1.361187500000000000e+03
1.361000000000000000e+03
1.360875000000000000e+03
1.360437500000000000e+03
1.389312500000000000e+03
1.389312500000000000e+03
1.389625000000000000e+03
1.360750000000000000e+03
1.360812500000000000e+03
1.360875000000000000e+03
1.360875000000000000e+03
1.360875000000000000e+03
1.360937500000000000e+03
1.360812500000000000e+03
1.360812500000000000e+03
1.360812500000000000e+03
1.360812500000000000e+03
1.360750000000000000e+03
1.360875000000000000e+03
1.361000000000000000e+03
1.361000000000000000e+03
1.361062500000000000e+03
1.361562500000000000e+03
1.362000000000000000e+03
1.362000000000000000e+03
1.361625000000000000e+03
1.414125000000000000e+03
1.414875000000000000e+03
1.415000000000000000e+03
1.414937500000000000e+03
1.414625000000000000e+03
1.414437500000000000e+03
1.414687500000000000e+03
1.415000000000000000e+03
1.414937500000000000e+03
1.414750000000000000e+03
1.414875000000000000e+03
1.415062500000000000e+03
1.415062500000000000e+03
1.414812500000000000e+03
1.414812500000000000e+03
1.414750000000000000e+03
1.414375000000000000e+03
1.414000000000000000e+03
1.414000000000000000e+03
1.414000000000000000e+03
1.414125000000000000e+03
1.414250000000000000e+03
1.414187500000000000e+03
1.414000000000000000e+03
1.414062500000000000e+03
1.414187500000000000e+03
1.414500000000000000e+03
1.414750000000000000e+03
1.414750000000000000e+03
1.415312500000000000e+03
1.415250000000000000e+03
1.415125000000000000e+03
1.414562500000000000e+03
1.414375000000000000e+03
1.414375000000000000e+03
1.414312500000000000e+03
1.414000000000000000e+03
1.413625000000000000e+03
1.413250000000000000e+03
1.412125000000000000e+03
1.413062500000000000e+03
1.413875000000000000e+03
1.414125000000000000e+03
1.413625000000000000e+03
1.413625000000000000e+03
1.413750000000000000e+03
1.413500000000000000e+03
1.413625000000000000e+03
1.413812500000000000e+03
1.413875000000000000e+03
1.413937500000000000e+03
1.414375000000000000e+03
1.414937500000000000e+03
1.415562500000000000e+03
1.415437500000000000e+03
1.415500000000000000e+03
1.415500000000000000e+03
1.415187500000000000e+03
1.415062500000000000e+03
1.415062500000000000e+03
1.415125000000000000e+03
1.415187500000000000e+03
1.413437500000000000e+03
1.413375000000000000e+03
1.412875000000000000e+03
1.412750000000000000e+03
1.412812500000000000e+03
1.412812500000000000e+03
1.412750000000000000e+03
1.412937500000000000e+03
1.413062500000000000e+03
1.413312500000000000e+03
1.414000000000000000e+03
1.414812500000000000e+03
1.415625000000000000e+03
1.416062500000000000e+03
1.416000000000000000e+03
1.415750000000000000e+03
1.415500000000000000e+03
1.415125000000000000e+03
1.414125000000000000e+03
1.413250000000000000e+03
1.413812500000000000e+03
1.413937500000000000e+03
1.413937500000000000e+03
1.413812500000000000e+03
1.414125000000000000e+03
1.414312500000000000e+03
1.414312500000000000e+03
1.414187500000000000e+03
1.414000000000000000e+03
1.414062500000000000e+03
1.414250000000000000e+03
1.414562500000000000e+03
1.415125000000000000e+03
1.415625000000000000e+03
1.415875000000000000e+03
1.416250000000000000e+03
1.416687500000000000e+03
1.416875000000000000e+03
1.417562500000000000e+03
1.417562500000000000e+03
1.417500000000000000e+03
1.417375000000000000e+03
1.417500000000000000e+03
1.417625000000000000e+03
1.417875000000000000e+03
1.417937500000000000e+03
1.416937500000000000e+03
1.416375000000000000e+03
1.415875000000000000e+03
1.415500000000000000e+03
1.415312500000000000e+03
1.415250000000000000e+03
1.415125000000000000e+03
1.415062500000000000e+03
1.415062500000000000e+03
1.415000000000000000e+03
1.414812500000000000e+03
1.414687500000000000e+03
1.414562500000000000e+03
1.414750000000000000e+03
1.415125000000000000e+03
1.415125000000000000e+03
1.415625000000000000e+03
1.415562500000000000e+03
1.415312500000000000e+03
1.415125000000000000e+03
1.415000000000000000e+03
1.415000000000000000e+03
1.415000000000000000e+03
1.304625000000000000e+03
1.304937500000000000e+03
1.305000000000000000e+03
1.304562500000000000e+03
1.304250000000000000e+03
1.304562500000000000e+03
1.304500000000000000e+03
1.304250000000000000e+03
1.336312500000000000e+03
1.336500000000000000e+03
1.336500000000000000e+03
1.336687500000000000e+03
1.305000000000000000e+03
1.304875000000000000e+03
1.304687500000000000e+03
1.304562500000000000e+03
1.304500000000000000e+03
1.304500000000000000e+03
1.304312500000000000e+03
1.304437500000000000e+03
1.304625000000000000e+03
1.305000000000000000e+03
1.305375000000000000e+03
1.305500000000000000e+03
1.305125000000000000e+03
1.304125000000000000e+03
1.304437500000000000e+03
1.336125000000000000e+03
1.336500000000000000e+03
1.336750000000000000e+03
1.336750000000000000e+03
1.336562500000000000e+03
1.336875000000000000e+03
1.336875000000000000e+03
1.336750000000000000e+03
1.336562500000000000e+03
1.336875000000000000e+03
1.336500000000000000e+03
1.336250000000000000e+03
1.336437500000000000e+03
1.336500000000000000e+03
1.336500000000000000e+03
1.336500000000000000e+03
1.336562500000000000e+03
1.336312500000000000e+03
1.336500000000000000e+03
1.387062500000000000e+03
1.336562500000000000e+03
1.336562500000000000e+03
1.336750000000000000e+03
1.336875000000000000e+03
1.337125000000000000e+03
1.336937500000000000e+03
1.336875000000000000e+03
1.337125000000000000e+03
1.337375000000000000e+03
1.337250000000000000e+03
1.337250000000000000e+03
1.337500000000000000e+03
1.337312500000000000e+03
1.337500000000000000e+03
1.337625000000000000e+03
1.337687500000000000e+03
1.337500000000000000e+03
1.303937500000000000e+03
1.304000000000000000e+03
1.304000000000000000e+03
1.304250000000000000e+03
1.304500000000000000e+03
1.304750000000000000e+03
1.304937500000000000e+03
1.337125000000000000e+03
1.388250000000000000e+03
1.388500000000000000e+03
1.388500000000000000e+03
1.388312500000000000e+03
1.388125000000000000e+03
1.387875000000000000e+03
1.303875000000000000e+03
1.303625000000000000e+03
1.304000000000000000e+03
1.304000000000000000e+03
1.304125000000000000e+03
1.304187500000000000e+03
1.304375000000000000e+03
1.304937500000000000e+03
1.305062500000000000e+03
1.305250000000000000e+03
1.306000000000000000e+03
1.305875000000000000e+03
1.304750000000000000e+03
1.338125000000000000e+03
1.338000000000000000e+03
1.337500000000000000e+03
1.337875000000000000e+03
1.388250000000000000e+03
1.388250000000000000e+03
1.338000000000000000e+03
1.337750000000000000e+03
1.304250000000000000e+03
1.304250000000000000e+03
1.337875000000000000e+03
1.337937500000000000e+03
1.338125000000000000e+03
1.338250000000000000e+03
1.338062500000000000e+03
1.338062500000000000e+03
1.338125000000000000e+03
1.338125000000000000e+03
1.338750000000000000e+03
1.338500000000000000e+03
1.338125000000000000e+03
1.338250000000000000e+03
1.338125000000000000e+03
1.338000000000000000e+03
1.337875000000000000e+03
1.337750000000000000e+03
1.337125000000000000e+03
1.337250000000000000e+03
1.337500000000000000e+03
1.338062500000000000e+03
1.338625000000000000e+03
1.338750000000000000e+03
1.338250000000000000e+03
1.337750000000000000e+03
1.304250000000000000e+03
1.304000000000000000e+03
1.338750000000000000e+03
1.338500000000000000e+03
1.338500000000000000e+03
1.338687500000000000e+03
1.338562500000000000e+03
1.338687500000000000e+03
1.338937500000000000e+03
1.338625000000000000e+03
1.338500000000000000e+03
1.338375000000000000e+03
1.304125000000000000e+03
1.304500000000000000e+03
1.339125000000000000e+03
1.339250000000000000e+03
1.339000000000000000e+03
1.338750000000000000e+03
1.338875000000000000e+03
1.305625000000000000e+03
1.305625000000000000e+03
1.338500000000000000e+03
1.338625000000000000e+03
1.339500000000000000e+03
1.340000000000000000e+03
1.304500000000000000e+03
1.304875000000000000e+03
1.304875000000000000e+03
1.338437500000000000e+03
1.338250000000000000e+03
1.338500000000000000e+03
1.338750000000000000e+03
1.304562500000000000e+03
1.338250000000000000e+03
1.338000000000000000e+03
1.338125000000000000e+03
1.338000000000000000e+03
1.338000000000000000e+03
1.338250000000000000e+03
1.338875000000000000e+03
1.338625000000000000e+03
1.339000000000000000e+03
1.339500000000000000e+03
1.339750000000000000e+03
1.339625000000000000e+03
1.304375000000000000e+03
1.304500000000000000e+03
1.304875000000000000e+03
1.304500000000000000e+03
1.340500000000000000e+03
1.340000000000000000e+03
1.339000000000000000e+03
0.000000000000000000e+00
1.339500000000000000e+03
1.339375000000000000e+03
1.338875000000000000e+03
1.338750000000000000e+03
1.338750000000000000e+03
1.338812500000000000e+03
1.338687500000000000e+03
1.338750000000000000e+03
1.338937500000000000e+03
1.339125000000000000e+03
1.339375000000000000e+03
1.339000000000000000e+03
1.339000000000000000e+03
1.306500000000000000e+03
1.306500000000000000e+03
1.306000000000000000e+03
1.339000000000000000e+03
1.338000000000000000e+03
1.338000000000000000e+03
1.338000000000000000e+03
0.000000000000000000e+00
0.000000000000000000e+00
1.305500000000000000e+03
1.305500000000000000e+03
1.305375000000000000e+03
1.305000000000000000e+03
1.304500000000000000e+03
1.304000000000000000e+03
1.304000000000000000e+03
0.000000000000000000e+00
0.000000000000000000e+00
0.000000000000000000e+00
0.000000000000000000e+00
0.000000000000000000e+00
0.000000000000000000e+00
0.000000000000000000e+00
0.000000000000000000e+00
0.000000000000000000e+00
0.000000000000000000e+00
1.307000000000000000e+03
0.000000000000000000e+00
0.000000000000000000e+00
0.000000000000000000e+00
0.000000000000000000e+00
0.000000000000000000e+00
0.000000000000000000e+00
0.000000000000000000e+00
0.000000000000000000e+00
0.000000000000000000e+00
0.000000000000000000e+00
0.000000000000000000e+00
0.000000000000000000e+00
0.000000000000000000e+00
0.000000000000000000e+00
1.411500000000000000e+03
1.410625000000000000e+03
1.410187500000000000e+03
1.410062500000000000e+03
1.410062500000000000e+03
1.410312500000000000e+03
1.410687500000000000e+03
1.410875000000000000e+03
1.411062500000000000e+03
1.411375000000000000e+03
1.411312500000000000e+03
1.411437500000000000e+03
1.411812500000000000e+03
1.412250000000000000e+03
