0.000000000000000000e+00
0.000000000000000000e+00
0.000000000000000000e+00
0.000000000000000000e+00
0.000000000000000000e+00
0.000000000000000000e+00
0.000000000000000000e+00
0.000000000000000000e+00
0.000000000000000000e+00
0.000000000000000000e+00
0.000000000000000000e+00
0.000000000000000000e+00
0.000000000000000000e+00
0.000000000000000000e+00
0.000000000000000000e+00
0.000000000000000000e+00
0.000000000000000000e+00
0.000000000000000000e+00
0.000000000000000000e+00
0.000000000000000000e+00
0.000000000000000000e+00
0.000000000000000000e+00
0.000000000000000000e+00
0.000000000000000000e+00
0.000000000000000000e+00
0.000000000000000000e+00
0.000000000000000000e+00
0.000000000000000000e+00
0.000000000000000000e+00
0.000000000000000000e+00
0.000000000000000000e+00
0.000000000000000000e+00
0.000000000000000000e+00
0.000000000000000000e+00
0.000000000000000000e+00
0.000000000000000000e+00
0.000000000000000000e+00
0.000000000000000000e+00
0.000000000000000000e+00
0.000000000000000000e+00
0.000000000000000000e+00
0.000000000000000000e+00
0.000000000000000000e+00
0.000000000000000000e+00
0.000000000000000000e+00
0.000000000000000000e+00
0.000000000000000000e+00
0.000000000000000000e+00
0.000000000000000000e+00
0.000000000000000000e+00
0.000000000000000000e+00
0.000000000000000000e+00
0.000000000000000000e+00
0.000000000000000000e+00
0.000000000000000000e+00
0.000000000000000000e+00
0.000000000000000000e+00
0.000000000000000000e+00
0.000000000000000000e+00
0.000000000000000000e+00
0.000000000000000000e+00
0.000000000000000000e+00
0.000000000000000000e+00
0.000000000000000000e+00
0.000000000000000000e+00
0.000000000000000000e+00
0.000000000000000000e+00
0.000000000000000000e+00
0.000000000000000000e+00
0.000000000000000000e+00
0.000000000000000000e+00
0.000000000000000000e+00
0.000000000000000000e+00
0.000000000000000000e+00
0.000000000000000000e+00
0.000000000000000000e+00
0.000000000000000000e+00
0.000000000000000000e+00
0.000000000000000000e+00
0.000000000000000000e+00
0.000000000000000000e+00
0.000000000000000000e+00
0.000000000000000000e+00
0.000000000000000000e+00
0.000000000000000000e+00
0.000000000000000000e+00
0.000000000000000000e+00
0.000000000000000000e+00
0.000000000000000000e+00
0.000000000000000000e+00
0.000000000000000000e+00
0.000000000000000000e+00
0.000000000000000000e+00
0.000000000000000000e+00
0.000000000000000000e+00
0.000000000000000000e+00
0.000000000000000000e+00
0.000000000000000000e+00
0.000000000000000000e+00
0.000000000000000000e+00
0.000000000000000000e+00
0.000000000000000000e+00
0.000000000000000000e+00
0.000000000000000000e+00
0.000000000000000000e+00
0.000000000000000000e+00
0.000000000000000000e+00
0.000000000000000000e+00
0.000000000000000000e+00
0.000000000000000000e+00
0.000000000000000000e+00
0.000000000000000000e+00
0.000000000000000000e+00
0.000000000000000000e+00
0.000000000000000000e+00
0.000000000000000000e+00
0.000000000000000000e+00
0.000000000000000000e+00
0.000000000000000000e+00
0.000000000000000000e+00
0.000000000000000000e+00
0.000000000000000000e+00
0.000000000000000000e+00
0.000000000000000000e+00
0.000000000000000000e+00
0.000000000000000000e+00
0.000000000000000000e+00
0.000000000000000000e+00
0.000000000000000000e+00
0.000000000000000000e+00
0.000000000000000000e+00
0.000000000000000000e+00
0.000000000000000000e+00
0.000000000000000000e+00
0.000000000000000000e+00
0.000000000000000000e+00
0.000000000000000000e+00
0.000000000000000000e+00
0.000000000000000000e+00
0.000000000000000000e+00
0.000000000000000000e+00
0.000000000000000000e+00
0.000000000000000000e+00
0.000000000000000000e+00
0.000000000000000000e+00
0.000000000000000000e+00
0.000000000000000000e+00
0.000000000000000000e+00
0.000000000000000000e+00
0.000000000000000000e+00
0.000000000000000000e+00
0.000000000000000000e+00
0.000000000000000000e+00
0.000000000000000000e+00
0.000000000000000000e+00
0.000000000000000000e+00
0.000000000000000000e+00
0.000000000000000000e+00
0.000000000000000000e+00
0.000000000000000000e+00
0.000000000000000000e+00
0.000000000000000000e+00
0.000000000000000000e+00
0.000000000000000000e+00
0.000000000000000000e+00
0.000000000000000000e+00
0.000000000000000000e+00
0.000000000000000000e+00
0.000000000000000000e+00
0.000000000000000000e+00
0.000000000000000000e+00
0.000000000000000000e+00
0.000000000000000000e+00
0.000000000000000000e+00
0.000000000000000000e+00
0.000000000000000000e+00
0.000000000000000000e+00
0.000000000000000000e+00
0.000000000000000000e+00
0.000000000000000000e+00
0.000000000000000000e+00
0.000000000000000000e+00
0.000000000000000000e+00
0.000000000000000000e+00
0.000000000000000000e+00
0.000000000000000000e+00
0.000000000000000000e+00
0.000000000000000000e+00
1.418000000000000000e+03
1.418375000000000000e+03
1.419750000000000000e+03
1.419125000000000000e+03
1.418562500000000000e+03
1.418187500000000000e+03
1.418000000000000000e+03
1.417625000000000000e+03
1.417625000000000000e+03
1.417750000000000000e+03
1.418000000000000000e+03
1.418000000000000000e+03
1.418062500000000000e+03
1.418250000000000000e+03
1.418187500000000000e+03
1.418000000000000000e+03
1.418000000000000000e+03
1.418437500000000000e+03
1.418500000000000000e+03
1.418250000000000000e+03
1.419500000000000000e+03
1.419250000000000000e+03
1.418625000000000000e+03
1.417875000000000000e+03
1.417437500000000000e+03
1.416687500000000000e+03
1.417125000000000000e+03
1.417250000000000000e+03
1.417375000000000000e+03
1.417562500000000000e+03
1.417875000000000000e+03
1.417937500000000000e+03
1.417500000000000000e+03
1.417750000000000000e+03
1.417812500000000000e+03
1.417937500000000000e+03
1.418000000000000000e+03
1.417687500000000000e+03
1.417812500000000000e+03
1.417687500000000000e+03
1.417625000000000000e+03
1.417687500000000000e+03
1.417875000000000000e+03
1.418000000000000000e+03
1.418000000000000000e+03
1.418000000000000000e+03
1.418000000000000000e+03
1.418000000000000000e+03
1.418000000000000000e+03
1.418000000000000000e+03
1.418000000000000000e+03
1.417625000000000000e+03
1.417312500000000000e+03
1.417437500000000000e+03
1.417437500000000000e+03
1.417625000000000000e+03
1.417750000000000000e+03
1.417875000000000000e+03
1.417937500000000000e+03
1.418125000000000000e+03
1.418250000000000000e+03
1.418312500000000000e+03
1.418125000000000000e+03
1.418000000000000000e+03
1.417937500000000000e+03
1.418000000000000000e+03
1.418000000000000000e+03
1.418125000000000000e+03
1.418187500000000000e+03
1.418000000000000000e+03
1.418000000000000000e+03
1.418000000000000000e+03
1.418062500000000000e+03
1.418312500000000000e+03
1.418500000000000000e+03
1.418437500000000000e+03
1.418750000000000000e+03
1.419625000000000000e+03
1.419625000000000000e+03
1.418625000000000000e+03
1.417562500000000000e+03
1.416875000000000000e+03
1.416625000000000000e+03
1.417000000000000000e+03
1.417250000000000000e+03
1.417437500000000000e+03
1.417500000000000000e+03
1.417500000000000000e+03
1.417625000000000000e+03
1.417687500000000000e+03
1.418000000000000000e+03
1.417937500000000000e+03
1.418000000000000000e+03
1.418250000000000000e+03
1.418250000000000000e+03
1.418250000000000000e+03
1.418250000000000000e+03
1.417937500000000000e+03
1.418000000000000000e+03
1.418187500000000000e+03
1.418125000000000000e+03
1.418250000000000000e+03
1.418250000000000000e+03
1.418250000000000000e+03
1.418062500000000000e+03
1.418000000000000000e+03
1.418000000000000000e+03
1.418187500000000000e+03
1.418375000000000000e+03
1.418187500000000000e+03
1.417875000000000000e+03
1.417812500000000000e+03
1.417875000000000000e+03
1.418000000000000000e+03
1.418125000000000000e+03
1.418250000000000000e+03
1.418437500000000000e+03
1.418562500000000000e+03
1.418500000000000000e+03
1.418250000000000000e+03
1.418187500000000000e+03
1.418437500000000000e+03
1.418687500000000000e+03
1.418687500000000000e+03
1.418500000000000000e+03
1.418437500000000000e+03
1.418375000000000000e+03
1.418250000000000000e+03
1.418312500000000000e+03
1.419250000000000000e+03
1.419312500000000000e+03
1.419562500000000000e+03
1.419812500000000000e+03
1.420375000000000000e+03
1.420625000000000000e+03
1.420000000000000000e+03
1.418750000000000000e+03
1.418187500000000000e+03
1.417875000000000000e+03
1.417437500000000000e+03
1.417312500000000000e+03
1.417125000000000000e+03
1.417312500000000000e+03
1.417750000000000000e+03
1.418187500000000000e+03
1.418437500000000000e+03
1.418500000000000000e+03
1.418375000000000000e+03
1.418312500000000000e+03
1.418312500000000000e+03
1.418187500000000000e+03
1.418062500000000000e+03
1.418000000000000000e+03
1.417500000000000000e+03
1.417625000000000000e+03
1.417625000000000000e+03
1.417250000000000000e+03
1.416562500000000000e+03
1.415812500000000000e+03
1.415750000000000000e+03
1.415812500000000000e+03
1.415375000000000000e+03
1.415000000000000000e+03
1.414687500000000000e+03
1.414187500000000000e+03
1.413750000000000000e+03
1.412937500000000000e+03
1.411687500000000000e+03
1.410562500000000000e+03
1.410062500000000000e+03
1.409875000000000000e+03
1.409375000000000000e+03
1.408937500000000000e+03
1.408812500000000000e+03
1.408500000000000000e+03
1.407937500000000000e+03
1.407125000000000000e+03
1.406312500000000000e+03
1.405937500000000000e+03
1.405562500000000000e+03
1.404750000000000000e+03
1.404000000000000000e+03
1.403312500000000000e+03
1.402937500000000000e+03
1.402125000000000000e+03
1.401625000000000000e+03
1.401187500000000000e+03
1.400750000000000000e+03
1.400125000000000000e+03
1.399687500000000000e+03
1.399250000000000000e+03
1.398937500000000000e+03
1.398437500000000000e+03
1.397875000000000000e+03
1.397062500000000000e+03
1.396250000000000000e+03
1.395187500000000000e+03
1.395000000000000000e+03
1.394812500000000000e+03
1.394250000000000000e+03
1.393750000000000000e+03
1.393000000000000000e+03
1.392375000000000000e+03
1.391687500000000000e+03
1.391000000000000000e+03
1.390625000000000000e+03
1.390125000000000000e+03
1.389625000000000000e+03
1.388875000000000000e+03
1.388250000000000000e+03
1.387812500000000000e+03
1.386875000000000000e+03
1.386500000000000000e+03
1.386312500000000000e+03
1.385937500000000000e+03
1.385187500000000000e+03
1.384750000000000000e+03
1.383937500000000000e+03
1.383125000000000000e+03
1.382875000000000000e+03
1.382625000000000000e+03
1.381937500000000000e+03
1.381187500000000000e+03
1.380812500000000000e+03
1.380562500000000000e+03
1.380062500000000000e+03
1.379062500000000000e+03
1.378500000000000000e+03
1.378125000000000000e+03
1.377937500000000000e+03
1.377125000000000000e+03
1.376250000000000000e+03
1.375875000000000000e+03
1.375437500000000000e+03
1.375000000000000000e+03
1.374625000000000000e+03
1.374125000000000000e+03
1.373812500000000000e+03
1.373125000000000000e+03
1.372625000000000000e+03
1.372312500000000000e+03
1.371937500000000000e+03
1.370875000000000000e+03
1.369437500000000000e+03
1.368562500000000000e+03
1.368000000000000000e+03
1.367562500000000000e+03
1.367125000000000000e+03
1.366750000000000000e+03
1.366250000000000000e+03
1.365750000000000000e+03
1.365062500000000000e+03
1.364625000000000000e+03
1.364062500000000000e+03
1.363312500000000000e+03
1.363062500000000000e+03
1.362750000000000000e+03
1.362062500000000000e+03
1.361687500000000000e+03
1.361062500000000000e+03
1.360125000000000000e+03
1.359375000000000000e+03
1.358937500000000000e+03
1.358437500000000000e+03
1.357812500000000000e+03
1.356937500000000000e+03
1.356437500000000000e+03
1.356125000000000000e+03
1.355812500000000000e+03
1.355625000000000000e+03
1.355625000000000000e+03
1.355062500000000000e+03
1.354687500000000000e+03
1.354000000000000000e+03
1.352750000000000000e+03
1.351687500000000000e+03
1.351062500000000000e+03
1.350750000000000000e+03
1.350437500000000000e+03
1.350125000000000000e+03
1.349437500000000000e+03
1.348625000000000000e+03
1.348000000000000000e+03
1.347562500000000000e+03
1.347000000000000000e+03
1.346250000000000000e+03
1.345125000000000000e+03
1.344750000000000000e+03
1.344625000000000000e+03
1.344250000000000000e+03
1.344062500000000000e+03
1.343875000000000000e+03
1.342937500000000000e+03
1.342000000000000000e+03
1.341625000000000000e+03
1.340875000000000000e+03
1.340437500000000000e+03
1.340187500000000000e+03
1.339687500000000000e+03
1.339062500000000000e+03
1.338750000000000000e+03
1.338000000000000000e+03
1.337062500000000000e+03
1.336500000000000000e+03
1.335687500000000000e+03
1.335187500000000000e+03
1.335250000000000000e+03
1.335000000000000000e+03
1.334000000000000000e+03
1.333437500000000000e+03
1.333062500000000000e+03
1.332750000000000000e+03
1.332187500000000000e+03
1.331500000000000000e+03
1.330937500000000000e+03
1.330187500000000000e+03
1.329375000000000000e+03
1.328375000000000000e+03
1.328062500000000000e+03
1.328125000000000000e+03
1.327937500000000000e+03
1.327187500000000000e+03
1.326437500000000000e+03
1.325625000000000000e+03
1.325375000000000000e+03
1.325625000000000000e+03
1.325500000000000000e+03
1.325000000000000000e+03
1.325312500000000000e+03
1.325562500000000000e+03
1.326437500000000000e+03
1.326875000000000000e+03
1.327250000000000000e+03
1.327562500000000000e+03
1.327875000000000000e+03
1.328312500000000000e+03
1.328812500000000000e+03
1.329125000000000000e+03
1.329375000000000000e+03
1.330000000000000000e+03
1.330437500000000000e+03
1.330812500000000000e+03
1.331062500000000000e+03
1.331562500000000000e+03
1.332125000000000000e+03
1.332562500000000000e+03
1.333562500000000000e+03
1.334562500000000000e+03
1.335062500000000000e+03
1.335187500000000000e+03
1.335125000000000000e+03
1.335312500000000000e+03
1.335875000000000000e+03
1.336750000000000000e+03
1.336937500000000000e+03
1.336812500000000000e+03
1.337000000000000000e+03
1.337625000000000000e+03
1.338750000000000000e+03
1.339750000000000000e+03
1.340250000000000000e+03
1.341187500000000000e+03
1.341687500000000000e+03
1.341625000000000000e+03
1.341375000000000000e+03
1.341625000000000000e+03
1.342000000000000000e+03
1.342687500000000000e+03
1.343250000000000000e+03
1.343687500000000000e+03
1.344000000000000000e+03
1.344375000000000000e+03
1.345000000000000000e+03
1.345750000000000000e+03
1.345812500000000000e+03
1.345875000000000000e+03
1.346312500000000000e+03
1.347750000000000000e+03
1.348500000000000000e+03
1.349000000000000000e+03
1.349125000000000000e+03
1.349187500000000000e+03
1.349375000000000000e+03
1.349812500000000000e+03
1.350250000000000000e+03
1.350750000000000000e+03
1.351062500000000000e+03
1.351937500000000000e+03
1.352187500000000000e+03
1.352187500000000000e+03
1.352375000000000000e+03
1.353500000000000000e+03
1.354625000000000000e+03
1.355000000000000000e+03
1.355062500000000000e+03
1.355375000000000000e+03
1.355687500000000000e+03
1.356062500000000000e+03
1.356375000000000000e+03
1.356375000000000000e+03
1.356687500000000000e+03
1.357812500000000000e+03
1.358937500000000000e+03
1.359125000000000000e+03
1.359187500000000000e+03
1.359937500000000000e+03
1.360937500000000000e+03
1.361312500000000000e+03
1.361750000000000000e+03
1.362312500000000000e+03
1.362687500000000000e+03
1.362750000000000000e+03
1.362937500000000000e+03
1.363125000000000000e+03
1.363687500000000000e+03
1.364437500000000000e+03
1.364937500000000000e+03
1.365187500000000000e+03
1.365375000000000000e+03
1.365375000000000000e+03
1.365750000000000000e+03
1.366437500000000000e+03
1.367687500000000000e+03
1.367812500000000000e+03
1.367750000000000000e+03
1.368312500000000000e+03
1.369000000000000000e+03
1.369375000000000000e+03
1.370000000000000000e+03
1.370437500000000000e+03
1.370750000000000000e+03
1.370937500000000000e+03
1.372250000000000000e+03
1.373312500000000000e+03
1.373125000000000000e+03
1.373187500000000000e+03
1.373625000000000000e+03
1.374062500000000000e+03
1.374062500000000000e+03
1.374312500000000000e+03
1.375437500000000000e+03
1.375875000000000000e+03
1.375812500000000000e+03
1.376312500000000000e+03
1.377312500000000000e+03
1.377812500000000000e+03
1.377875000000000000e+03
1.378187500000000000e+03
1.379750000000000000e+03
1.380687500000000000e+03
1.380750000000000000e+03
1.380750000000000000e+03
1.381000000000000000e+03
1.381437500000000000e+03
1.381687500000000000e+03
1.382000000000000000e+03
1.382562500000000000e+03
1.383250000000000000e+03
1.384187500000000000e+03
1.384750000000000000e+03
1.384750000000000000e+03
1.384687500000000000e+03
1.385687500000000000e+03
1.386937500000000000e+03
1.387125000000000000e+03
1.387062500000000000e+03
1.387750000000000000e+03
1.388687500000000000e+03
1.388812500000000000e+03
1.388875000000000000e+03
1.389000000000000000e+03
1.389125000000000000e+03
1.389625000000000000e+03
1.390812500000000000e+03
1.391687500000000000e+03
1.391750000000000000e+03
1.392062500000000000e+03
1.392625000000000000e+03
1.393250000000000000e+03
1.393875000000000000e+03
1.394437500000000000e+03
1.394812500000000000e+03
1.395000000000000000e+03
1.395125000000000000e+03
1.395250000000000000e+03
1.396562500000000000e+03
1.397375000000000000e+03
1.397562500000000000e+03
1.397437500000000000e+03
1.397750000000000000e+03
1.399250000000000000e+03
1.400187500000000000e+03
1.401000000000000000e+03
1.401562500000000000e+03
1.401187500000000000e+03
1.401125000000000000e+03
1.401812500000000000e+03
1.401875000000000000e+03
1.402062500000000000e+03
1.403250000000000000e+03
1.403125000000000000e+03
1.403000000000000000e+03
1.403062500000000000e+03
1.403250000000000000e+03
1.403250000000000000e+03
1.403750000000000000e+03
1.404750000000000000e+03
1.405250000000000000e+03
1.405937500000000000e+03
1.407000000000000000e+03
1.407250000000000000e+03
1.407312500000000000e+03
1.407625000000000000e+03
1.408375000000000000e+03
1.409000000000000000e+03
1.409250000000000000e+03
1.409625000000000000e+03
1.411062500000000000e+03
1.411750000000000000e+03
1.412000000000000000e+03
1.412125000000000000e+03
1.412187500000000000e+03
1.412187500000000000e+03
1.412875000000000000e+03
1.413750000000000000e+03
1.414875000000000000e+03
1.415437500000000000e+03
1.415187500000000000e+03
1.414687500000000000e+03
1.414812500000000000e+03
1.416062500000000000e+03
1.416812500000000000e+03
1.417750000000000000e+03
1.417937500000000000e+03
1.418312500000000000e+03
1.418687500000000000e+03
1.418812500000000000e+03
1.418937500000000000e+03
1.419000000000000000e+03
1.419187500000000000e+03
1.419250000000000000e+03
1.419250000000000000e+03
1.419500000000000000e+03
1.419687500000000000e+03
1.419687500000000000e+03
1.419250000000000000e+03
1.418875000000000000e+03
1.418375000000000000e+03
1.418375000000000000e+03
1.418437500000000000e+03
1.418562500000000000e+03
1.418750000000000000e+03
1.418750000000000000e+03
1.418437500000000000e+03
1.418437500000000000e+03
1.418375000000000000e+03
1.418375000000000000e+03
1.418500000000000000e+03
1.418375000000000000e+03
1.418250000000000000e+03
1.418250000000000000e+03
1.418250000000000000e+03
1.418250000000000000e+03
1.418250000000000000e+03
1.418187500000000000e+03
1.418000000000000000e+03
1.418000000000000000e+03
1.417750000000000000e+03
1.417937500000000000e+03
1.418250000000000000e+03
1.418562500000000000e+03
1.418875000000000000e+03
1.418625000000000000e+03
1.418750000000000000e+03
1.419250000000000000e+03
1.419375000000000000e+03
1.419375000000000000e+03
1.419375000000000000e+03
1.419500000000000000e+03
1.420000000000000000e+03
1.420000000000000000e+03
1.420250000000000000e+03
1.420812500000000000e+03
1.420625000000000000e+03
1.420312500000000000e+03
1.420250000000000000e+03
1.420125000000000000e+03
1.420937500000000000e+03
1.420250000000000000e+03
1.419687500000000000e+03
1.419562500000000000e+03
1.419562500000000000e+03
1.419687500000000000e+03
1.419812500000000000e+03
1.419625000000000000e+03
1.419687500000000000e+03
1.419812500000000000e+03
1.419687500000000000e+03
1.419375000000000000e+03
1.419250000000000000e+03
1.419125000000000000e+03
1.419125000000000000e+03
1.418562500000000000e+03
1.418562500000000000e+03
1.418562500000000000e+03
1.418562500000000000e+03
1.418812500000000000e+03
1.419125000000000000e+03
1.419500000000000000e+03
1.419562500000000000e+03
1.419500000000000000e+03
1.419000000000000000e+03
1.418687500000000000e+03
1.418500000000000000e+03
1.418562500000000000e+03
1.418812500000000000e+03
1.418750000000000000e+03
1.418812500000000000e+03
1.418937500000000000e+03
1.419000000000000000e+03
1.419062500000000000e+03
1.419125000000000000e+03
1.419125000000000000e+03
1.419250000000000000e+03
1.419312500000000000e+03
1.419375000000000000e+03
1.418937500000000000e+03
1.418625000000000000e+03
1.416937500000000000e+03
1.418812500000000000e+03
1.419250000000000000e+03
1.419312500000000000e+03
1.419250000000000000e+03
1.416375000000000000e+03
1.414375000000000000e+03
1.409000000000000000e+03
1.404500000000000000e+03
1.402250000000000000e+03
1.399937500000000000e+03
1.398312500000000000e+03
1.397000000000000000e+03
1.395750000000000000e+03
1.394125000000000000e+03
1.392562500000000000e+03
1.391875000000000000e+03
1.391625000000000000e+03
1.391000000000000000e+03
1.389312500000000000e+03
1.388375000000000000e+03
1.387937500000000000e+03
1.384750000000000000e+03
1.384125000000000000e+03
1.383625000000000000e+03
1.382812500000000000e+03
1.382187500000000000e+03
1.381437500000000000e+03
1.380437500000000000e+03
1.380125000000000000e+03
1.379875000000000000e+03
1.379000000000000000e+03
1.378000000000000000e+03
1.377250000000000000e+03
1.377000000000000000e+03
1.376375000000000000e+03
1.375125000000000000e+03
1.373937500000000000e+03
1.373437500000000000e+03
1.372937500000000000e+03
1.371375000000000000e+03
1.371000000000000000e+03
1.370687500000000000e+03
1.370562500000000000e+03
1.370187500000000000e+03
1.369937500000000000e+03
1.368312500000000000e+03
1.368000000000000000e+03
1.368000000000000000e+03
1.368125000000000000e+03
1.367875000000000000e+03
1.366875000000000000e+03
1.366125000000000000e+03
1.365250000000000000e+03
1.364625000000000000e+03
1.364625000000000000e+03
1.364312500000000000e+03
1.364000000000000000e+03
1.362937500000000000e+03
1.362875000000000000e+03
1.362875000000000000e+03
1.362437500000000000e+03
1.361937500000000000e+03
1.361750000000000000e+03
1.361062500000000000e+03
1.360437500000000000e+03
1.360375000000000000e+03
1.360250000000000000e+03
1.360000000000000000e+03
1.359500000000000000e+03
1.358812500000000000e+03
1.358562500000000000e+03
1.358375000000000000e+03
1.358000000000000000e+03
1.357750000000000000e+03
1.357250000000000000e+03
1.356875000000000000e+03
1.356812500000000000e+03
1.356812500000000000e+03
1.356437500000000000e+03
1.356000000000000000e+03
1.355937500000000000e+03
1.355750000000000000e+03
1.355312500000000000e+03
1.355000000000000000e+03
1.354750000000000000e+03
1.354437500000000000e+03
1.354375000000000000e+03
1.354125000000000000e+03
1.353750000000000000e+03
1.353687500000000000e+03
1.353312500000000000e+03
1.353000000000000000e+03
1.352750000000000000e+03
1.352125000000000000e+03
1.351937500000000000e+03
1.351687500000000000e+03
1.351312500000000000e+03
1.351375000000000000e+03
1.351375000000000000e+03
1.351125000000000000e+03
1.350750000000000000e+03
1.350375000000000000e+03
1.350250000000000000e+03
1.349875000000000000e+03
1.349687500000000000e+03
1.349375000000000000e+03
1.348875000000000000e+03
1.348437500000000000e+03
1.348437500000000000e+03
1.348750000000000000e+03
1.348625000000000000e+03
1.348250000000000000e+03
1.348125000000000000e+03
1.348250000000000000e+03
1.348187500000000000e+03
1.348062500000000000e+03
1.347687500000000000e+03
1.347187500000000000e+03
1.347250000000000000e+03
1.347062500000000000e+03
1.346875000000000000e+03
1.346562500000000000e+03
1.346375000000000000e+03
1.346312500000000000e+03
1.346187500000000000e+03
1.345875000000000000e+03
1.345750000000000000e+03
1.345625000000000000e+03
1.345875000000000000e+03
1.345687500000000000e+03
1.345562500000000000e+03
1.345312500000000000e+03
1.345125000000000000e+03
1.344937500000000000e+03
1.344687500000000000e+03
1.344312500000000000e+03
1.344187500000000000e+03
1.344250000000000000e+03
1.344375000000000000e+03
1.344437500000000000e+03
1.344187500000000000e+03
1.343812500000000000e+03
1.343500000000000000e+03
1.343375000000000000e+03
1.343375000000000000e+03
1.343437500000000000e+03
1.343187500000000000e+03
1.342937500000000000e+03
1.342625000000000000e+03
1.342875000000000000e+03
1.342687500000000000e+03
1.342812500000000000e+03
1.342812500000000000e+03
1.342812500000000000e+03
1.342750000000000000e+03
1.342437500000000000e+03
1.342375000000000000e+03
1.342312500000000000e+03
1.342000000000000000e+03
1.341875000000000000e+03
1.341875000000000000e+03
1.341937500000000000e+03
1.342187500000000000e+03
1.341937500000000000e+03
1.341937500000000000e+03
1.341875000000000000e+03
1.341750000000000000e+03
1.341750000000000000e+03
1.341875000000000000e+03
1.341625000000000000e+03
1.341250000000000000e+03
1.341125000000000000e+03
1.341250000000000000e+03
1.341187500000000000e+03
1.341125000000000000e+03
1.341187500000000000e+03
1.341375000000000000e+03
1.341562500000000000e+03
1.341437500000000000e+03
1.341375000000000000e+03
1.341375000000000000e+03
1.341375000000000000e+03
1.341250000000000000e+03
1.341062500000000000e+03
1.341000000000000000e+03
1.340937500000000000e+03
1.340937500000000000e+03
1.341187500000000000e+03
1.341562500000000000e+03
1.341437500000000000e+03
1.341312500000000000e+03
1.341312500000000000e+03
1.341375000000000000e+03
1.341437500000000000e+03
1.341937500000000000e+03
1.342312500000000000e+03
1.341312500000000000e+03
1.340875000000000000e+03
1.340875000000000000e+03
1.340937500000000000e+03
1.340937500000000000e+03
1.340937500000000000e+03
1.340875000000000000e+03
1.340750000000000000e+03
1.340750000000000000e+03
1.340812500000000000e+03
1.340812500000000000e+03
1.340687500000000000e+03
1.340875000000000000e+03
1.340937500000000000e+03
1.341125000000000000e+03
1.341312500000000000e+03
1.341250000000000000e+03
1.341250000000000000e+03
1.341250000000000000e+03
1.341187500000000000e+03
1.341062500000000000e+03
1.341062500000000000e+03
1.341125000000000000e+03
1.341312500000000000e+03
1.341437500000000000e+03
1.341625000000000000e+03
1.341437500000000000e+03
1.341312500000000000e+03
1.341375000000000000e+03
1.341500000000000000e+03
1.341500000000000000e+03
1.341562500000000000e+03
1.341625000000000000e+03
1.341625000000000000e+03
1.341625000000000000e+03
1.341625000000000000e+03
1.341562500000000000e+03
1.341750000000000000e+03
1.341937500000000000e+03
1.342062500000000000e+03
1.342250000000000000e+03
1.342312500000000000e+03
1.342375000000000000e+03
1.342375000000000000e+03
1.342250000000000000e+03
1.342187500000000000e+03
1.342250000000000000e+03
1.342312500000000000e+03
1.342625000000000000e+03
1.342875000000000000e+03
1.342937500000000000e+03
1.343000000000000000e+03
1.343062500000000000e+03
1.343312500000000000e+03
1.343375000000000000e+03
1.343437500000000000e+03
1.343687500000000000e+03
1.343750000000000000e+03
1.343812500000000000e+03
1.344000000000000000e+03
1.344125000000000000e+03
1.344437500000000000e+03
1.344812500000000000e+03
1.344937500000000000e+03
1.344875000000000000e+03
1.344937500000000000e+03
1.345000000000000000e+03
1.345375000000000000e+03
1.345812500000000000e+03
1.345875000000000000e+03
1.345812500000000000e+03
1.345812500000000000e+03
1.345875000000000000e+03
1.346000000000000000e+03
1.346125000000000000e+03
1.346375000000000000e+03
1.346625000000000000e+03
1.346687500000000000e+03
1.346750000000000000e+03
1.346875000000000000e+03
1.347000000000000000e+03
1.347375000000000000e+03
1.347750000000000000e+03
1.347750000000000000e+03
1.347812500000000000e+03
1.347937500000000000e+03
1.348125000000000000e+03
1.348625000000000000e+03
1.348937500000000000e+03
1.349250000000000000e+03
1.349312500000000000e+03
1.349312500000000000e+03
1.349437500000000000e+03
1.349812500000000000e+03
1.350062500000000000e+03
1.350312500000000000e+03
1.350437500000000000e+03
1.350562500000000000e+03
1.350687500000000000e+03
1.351000000000000000e+03
1.351437500000000000e+03
1.351812500000000000e+03
1.352000000000000000e+03
1.352000000000000000e+03
1.352187500000000000e+03
1.352562500000000000e+03
1.352625000000000000e+03
1.352812500000000000e+03
1.353375000000000000e+03
1.353875000000000000e+03
1.354000000000000000e+03
1.354250000000000000e+03
1.354562500000000000e+03
1.354687500000000000e+03
1.355000000000000000e+03
1.355250000000000000e+03
1.355437500000000000e+03
1.355812500000000000e+03
1.356062500000000000e+03
1.356750000000000000e+03
1.357187500000000000e+03
1.357375000000000000e+03
1.357750000000000000e+03
1.358000000000000000e+03
1.358000000000000000e+03
1.358250000000000000e+03
1.358750000000000000e+03
1.359062500000000000e+03
1.359625000000000000e+03
1.360062500000000000e+03
1.360562500000000000e+03
1.361000000000000000e+03
1.361187500000000000e+03
1.361312500000000000e+03
1.361375000000000000e+03
1.361750000000000000e+03
1.362125000000000000e+03
1.363000000000000000e+03
1.363750000000000000e+03
1.364312500000000000e+03
1.365000000000000000e+03
1.365562500000000000e+03
1.365812500000000000e+03
1.366125000000000000e+03
1.366750000000000000e+03
1.367187500000000000e+03
1.367750000000000000e+03
1.368312500000000000e+03
1.369000000000000000e+03
1.369750000000000000e+03
1.370000000000000000e+03
1.370125000000000000e+03
1.370437500000000000e+03
1.370937500000000000e+03
1.371687500000000000e+03
1.372437500000000000e+03
1.373250000000000000e+03
1.373875000000000000e+03
1.374375000000000000e+03
1.374875000000000000e+03
1.375187500000000000e+03
1.375750000000000000e+03
1.376375000000000000e+03
1.377062500000000000e+03
1.377812500000000000e+03
1.378750000000000000e+03
1.379687500000000000e+03
1.380187500000000000e+03
1.380625000000000000e+03
1.381062500000000000e+03
1.381937500000000000e+03
1.383000000000000000e+03
1.383937500000000000e+03
1.385000000000000000e+03
1.386187500000000000e+03
1.387250000000000000e+03
1.388125000000000000e+03
1.389000000000000000e+03
1.390000000000000000e+03
1.390875000000000000e+03
1.421000000000000000e+03
1.420187500000000000e+03
1.419750000000000000e+03
1.419000000000000000e+03
1.418187500000000000e+03
1.418000000000000000e+03
1.417750000000000000e+03
1.416687500000000000e+03
1.415812500000000000e+03
1.414375000000000000e+03
1.414625000000000000e+03
1.415437500000000000e+03
1.415687500000000000e+03
1.415625000000000000e+03
1.415500000000000000e+03
1.415500000000000000e+03
1.415625000000000000e+03
1.415812500000000000e+03
1.416000000000000000e+03
1.416187500000000000e+03
1.416375000000000000e+03
1.416625000000000000e+03
1.416625000000000000e+03
1.416437500000000000e+03
1.416500000000000000e+03
1.416812500000000000e+03
1.416937500000000000e+03
1.417062500000000000e+03
1.417187500000000000e+03
1.417187500000000000e+03
1.417250000000000000e+03
1.417125000000000000e+03
1.417125000000000000e+03
1.417375000000000000e+03
1.417437500000000000e+03
1.417312500000000000e+03
1.417125000000000000e+03
1.417187500000000000e+03
1.417125000000000000e+03
1.417187500000000000e+03
1.416750000000000000e+03
1.416750000000000000e+03
1.416875000000000000e+03
1.417187500000000000e+03
1.417437500000000000e+03
1.417687500000000000e+03
1.417875000000000000e+03
1.417687500000000000e+03
1.417625000000000000e+03
1.417812500000000000e+03
1.418000000000000000e+03
1.417937500000000000e+03
1.417875000000000000e+03
1.417750000000000000e+03
1.417625000000000000e+03
1.417375000000000000e+03
1.417187500000000000e+03
1.416750000000000000e+03
1.416625000000000000e+03
1.416937500000000000e+03
1.417062500000000000e+03
1.417125000000000000e+03
1.417187500000000000e+03
1.417062500000000000e+03
1.416937500000000000e+03
1.416687500000000000e+03
1.416500000000000000e+03
1.416437500000000000e+03
1.416750000000000000e+03
1.416875000000000000e+03
1.416437500000000000e+03
1.416375000000000000e+03
1.416500000000000000e+03
1.416750000000000000e+03
1.416750000000000000e+03
1.416750000000000000e+03
1.416687500000000000e+03
1.416812500000000000e+03
1.416750000000000000e+03
1.416812500000000000e+03
1.417250000000000000e+03
1.417187500000000000e+03
1.417062500000000000e+03
1.417125000000000000e+03
1.417187500000000000e+03
1.416875000000000000e+03
1.416875000000000000e+03
1.416875000000000000e+03
1.417500000000000000e+03
1.417500000000000000e+03
1.417500000000000000e+03
1.417437500000000000e+03
1.417375000000000000e+03
1.417375000000000000e+03
1.417500000000000000e+03
1.417562500000000000e+03
1.417375000000000000e+03
1.417187500000000000e+03
1.417250000000000000e+03
1.417125000000000000e+03
1.417250000000000000e+03
1.417125000000000000e+03
1.417062500000000000e+03
1.416875000000000000e+03
1.416500000000000000e+03
1.415500000000000000e+03
1.416625000000000000e+03
1.416812500000000000e+03
1.417000000000000000e+03
1.417062500000000000e+03
1.417187500000000000e+03
1.417375000000000000e+03
1.417500000000000000e+03
1.417187500000000000e+03
1.417437500000000000e+03
1.417500000000000000e+03
1.417000000000000000e+03
1.356750000000000000e+03
1.356812500000000000e+03
1.356875000000000000e+03
1.356687500000000000e+03
1.356562500000000000e+03
1.356625000000000000e+03
1.356750000000000000e+03
1.356875000000000000e+03
1.356812500000000000e+03
1.356625000000000000e+03
1.356562500000000000e+03
1.356625000000000000e+03
1.356562500000000000e+03
1.356562500000000000e+03
1.356687500000000000e+03
1.356812500000000000e+03
1.356812500000000000e+03
1.356687500000000000e+03
1.356687500000000000e+03
1.356937500000000000e+03
1.356937500000000000e+03
1.356812500000000000e+03
1.356687500000000000e+03
1.356500000000000000e+03
1.356375000000000000e+03
1.356312500000000000e+03
1.356250000000000000e+03
1.356250000000000000e+03
1.356312500000000000e+03
1.356312500000000000e+03
1.356375000000000000e+03
1.356687500000000000e+03
1.356750000000000000e+03
1.356437500000000000e+03
1.356312500000000000e+03
1.356250000000000000e+03
1.356312500000000000e+03
1.356312500000000000e+03
1.356250000000000000e+03
1.356375000000000000e+03
1.356625000000000000e+03
1.356625000000000000e+03
1.356437500000000000e+03
1.356375000000000000e+03
1.356437500000000000e+03
1.356437500000000000e+03
1.356250000000000000e+03
1.356062500000000000e+03
1.356125000000000000e+03
1.356250000000000000e+03
1.356312500000000000e+03
1.356187500000000000e+03
1.356062500000000000e+03
1.356000000000000000e+03
1.356000000000000000e+03
1.356000000000000000e+03
1.356000000000000000e+03
1.356187500000000000e+03
1.356312500000000000e+03
1.356250000000000000e+03
1.356125000000000000e+03
1.356125000000000000e+03
1.356062500000000000e+03
1.356125000000000000e+03
1.356250000000000000e+03
1.356375000000000000e+03
1.356562500000000000e+03
1.356687500000000000e+03
1.356625000000000000e+03
1.356562500000000000e+03
1.356437500000000000e+03
1.356562500000000000e+03
1.356750000000000000e+03
1.356875000000000000e+03
1.356875000000000000e+03
1.356875000000000000e+03
1.356812500000000000e+03
1.356625000000000000e+03
1.356562500000000000e+03
1.356562500000000000e+03
1.356687500000000000e+03
1.356687500000000000e+03
1.356750000000000000e+03
1.356812500000000000e+03
1.356687500000000000e+03
1.356562500000000000e+03
1.356437500000000000e+03
1.356562500000000000e+03
1.356687500000000000e+03
1.356750000000000000e+03
1.356750000000000000e+03
1.356687500000000000e+03
1.356687500000000000e+03
1.356625000000000000e+03
1.356687500000000000e+03
1.356750000000000000e+03
1.356812500000000000e+03
1.356875000000000000e+03
1.356875000000000000e+03
1.356687500000000000e+03
1.356687500000000000e+03
1.356812500000000000e+03
1.356875000000000000e+03
1.356812500000000000e+03
1.356812500000000000e+03
1.356812500000000000e+03
1.356812500000000000e+03
1.356812500000000000e+03
1.356625000000000000e+03
1.356437500000000000e+03
1.356312500000000000e+03
1.356312500000000000e+03
1.356250000000000000e+03
1.356250000000000000e+03
1.356312500000000000e+03
1.356437500000000000e+03
1.356562500000000000e+03
1.356625000000000000e+03
1.356625000000000000e+03
1.356687500000000000e+03
1.356687500000000000e+03
1.356625000000000000e+03
1.356562500000000000e+03
1.356437500000000000e+03
1.356312500000000000e+03
1.356250000000000000e+03
1.356250000000000000e+03
1.356312500000000000e+03
1.356437500000000000e+03
1.356625000000000000e+03
1.356625000000000000e+03
1.356562500000000000e+03
1.356375000000000000e+03
1.356250000000000000e+03
1.356187500000000000e+03
1.356250000000000000e+03
1.356250000000000000e+03
1.356187500000000000e+03
1.356125000000000000e+03
1.356250000000000000e+03
1.356250000000000000e+03
1.356187500000000000e+03
1.356125000000000000e+03
1.356187500000000000e+03
1.356187500000000000e+03
1.356125000000000000e+03
1.356062500000000000e+03
1.356000000000000000e+03
1.356000000000000000e+03
1.356000000000000000e+03
1.356062500000000000e+03
1.356062500000000000e+03
1.356062500000000000e+03
1.356000000000000000e+03
1.356000000000000000e+03
1.356000000000000000e+03
1.356000000000000000e+03
1.356000000000000000e+03
1.356000000000000000e+03
1.356062500000000000e+03
1.356187500000000000e+03
1.356250000000000000e+03
1.356437500000000000e+03
1.356625000000000000e+03
1.356625000000000000e+03
1.356562500000000000e+03
1.356437500000000000e+03
1.356250000000000000e+03
1.356000000000000000e+03
1.356000000000000000e+03
1.356000000000000000e+03
1.356062500000000000e+03
1.356062500000000000e+03
1.356000000000000000e+03
1.355937500000000000e+03
1.355937500000000000e+03
1.356000000000000000e+03
1.356000000000000000e+03
1.356000000000000000e+03
1.356000000000000000e+03
1.356000000000000000e+03
1.356000000000000000e+03
1.356000000000000000e+03
1.356000000000000000e+03
1.356000000000000000e+03
1.356000000000000000e+03
1.356000000000000000e+03
1.355937500000000000e+03
1.355875000000000000e+03
1.355875000000000000e+03
1.356000000000000000e+03
1.356000000000000000e+03
1.356000000000000000e+03
1.356000000000000000e+03
1.356000000000000000e+03
1.356000000000000000e+03
1.356000000000000000e+03
1.356000000000000000e+03
1.355937500000000000e+03
1.356000000000000000e+03
1.356000000000000000e+03
1.356000000000000000e+03
1.356000000000000000e+03
1.356000000000000000e+03
1.356062500000000000e+03
1.356187500000000000e+03
1.356250000000000000e+03
1.356250000000000000e+03
1.356250000000000000e+03
1.356125000000000000e+03
1.356000000000000000e+03
1.356000000000000000e+03
1.355937500000000000e+03
1.355937500000000000e+03
1.355937500000000000e+03
1.356000000000000000e+03
1.356000000000000000e+03
1.356000000000000000e+03
1.356000000000000000e+03
1.356062500000000000e+03
1.356000000000000000e+03
1.356000000000000000e+03
1.356000000000000000e+03
1.356000000000000000e+03
1.355937500000000000e+03
1.356000000000000000e+03
1.356062500000000000e+03
1.356125000000000000e+03
1.356312500000000000e+03
1.356625000000000000e+03
1.356812500000000000e+03
1.356812500000000000e+03
1.356562500000000000e+03
1.413500000000000000e+03
1.413562500000000000e+03
1.413812500000000000e+03
1.414187500000000000e+03
1.414687500000000000e+03
1.414812500000000000e+03
1.414875000000000000e+03
1.414937500000000000e+03
1.415000000000000000e+03
1.415312500000000000e+03
1.415375000000000000e+03
1.414875000000000000e+03
1.414437500000000000e+03
1.414625000000000000e+03
1.414750000000000000e+03
1.414875000000000000e+03
1.414750000000000000e+03
1.414687500000000000e+03
1.414625000000000000e+03
1.414187500000000000e+03
1.414250000000000000e+03
1.414375000000000000e+03
1.414625000000000000e+03
1.414500000000000000e+03
1.414437500000000000e+03
1.414375000000000000e+03
1.414437500000000000e+03
1.414687500000000000e+03
1.414750000000000000e+03
1.414625000000000000e+03
1.414500000000000000e+03
1.414312500000000000e+03
1.414187500000000000e+03
1.413937500000000000e+03
1.413875000000000000e+03
1.413750000000000000e+03
1.413750000000000000e+03
1.413500000000000000e+03
1.413125000000000000e+03
1.412625000000000000e+03
1.412875000000000000e+03
1.413125000000000000e+03
1.414312500000000000e+03
1.414250000000000000e+03
1.414312500000000000e+03
1.414375000000000000e+03
1.415125000000000000e+03
1.415375000000000000e+03
1.415687500000000000e+03
1.416125000000000000e+03
1.416375000000000000e+03
1.417375000000000000e+03
1.417437500000000000e+03
1.416250000000000000e+03
1.415750000000000000e+03
1.415500000000000000e+03
1.415125000000000000e+03
1.414500000000000000e+03
1.414125000000000000e+03
1.414312500000000000e+03
1.414375000000000000e+03
1.414750000000000000e+03
1.414812500000000000e+03
1.414875000000000000e+03
1.414750000000000000e+03
1.414750000000000000e+03
1.414875000000000000e+03
1.415187500000000000e+03
1.415375000000000000e+03
1.415687500000000000e+03
1.415875000000000000e+03
1.415875000000000000e+03
1.415937500000000000e+03
1.416000000000000000e+03
1.415937500000000000e+03
1.415562500000000000e+03
1.415000000000000000e+03
1.414500000000000000e+03
1.413875000000000000e+03
1.412687500000000000e+03
1.411750000000000000e+03
1.412625000000000000e+03
1.413250000000000000e+03
1.413750000000000000e+03
1.414000000000000000e+03
1.414312500000000000e+03
1.414625000000000000e+03
1.414750000000000000e+03
1.414750000000000000e+03
1.414562500000000000e+03
1.414250000000000000e+03
1.414000000000000000e+03
1.414000000000000000e+03
1.414187500000000000e+03
1.414500000000000000e+03
1.414750000000000000e+03
1.414875000000000000e+03
1.415000000000000000e+03
1.415250000000000000e+03
1.415500000000000000e+03
1.415750000000000000e+03
1.416000000000000000e+03
1.415937500000000000e+03
1.416062500000000000e+03
1.416375000000000000e+03
1.416500000000000000e+03
1.416625000000000000e+03
1.416875000000000000e+03
1.417000000000000000e+03
1.416750000000000000e+03
1.416375000000000000e+03
1.416312500000000000e+03
1.416250000000000000e+03
1.416125000000000000e+03
1.415875000000000000e+03
1.415875000000000000e+03
1.415875000000000000e+03
1.415875000000000000e+03
1.415687500000000000e+03
1.415562500000000000e+03
1.415562500000000000e+03
1.415500000000000000e+03
1.415312500000000000e+03
1.415375000000000000e+03
1.415312500000000000e+03
1.415312500000000000e+03
1.415250000000000000e+03
1.298687500000000000e+03
1.298625000000000000e+03
1.298625000000000000e+03
1.298750000000000000e+03
1.298875000000000000e+03
1.298875000000000000e+03
1.298687500000000000e+03
1.298562500000000000e+03
1.298625000000000000e+03
1.298750000000000000e+03
1.298750000000000000e+03
1.298750000000000000e+03
1.298812500000000000e+03
1.298937500000000000e+03
1.299000000000000000e+03
1.298937500000000000e+03
1.298875000000000000e+03
1.298812500000000000e+03
1.298812500000000000e+03
1.298750000000000000e+03
1.298687500000000000e+03
1.298625000000000000e+03
1.298750000000000000e+03
1.298812500000000000e+03
1.298937500000000000e+03
1.299062500000000000e+03
1.299125000000000000e+03
1.298937500000000000e+03
1.298687500000000000e+03
1.298625000000000000e+03
1.298625000000000000e+03
1.298750000000000000e+03
1.298812500000000000e+03
1.298750000000000000e+03
1.298687500000000000e+03
1.298562500000000000e+03
1.298562500000000000e+03
1.298625000000000000e+03
1.298437500000000000e+03
1.298375000000000000e+03
1.298437500000000000e+03
1.298625000000000000e+03
1.298625000000000000e+03
1.298562500000000000e+03
1.298437500000000000e+03
1.298375000000000000e+03
1.298375000000000000e+03
1.298312500000000000e+03
1.298375000000000000e+03
1.298500000000000000e+03
1.298625000000000000e+03
1.298750000000000000e+03
1.298812500000000000e+03
1.298750000000000000e+03
1.298625000000000000e+03
1.298437500000000000e+03
1.298437500000000000e+03
1.298562500000000000e+03
1.298562500000000000e+03
1.298312500000000000e+03
1.298125000000000000e+03
1.298125000000000000e+03
1.298250000000000000e+03
1.298375000000000000e+03
1.298375000000000000e+03
1.298250000000000000e+03
1.298250000000000000e+03
1.298312500000000000e+03
1.298375000000000000e+03
1.298375000000000000e+03
1.298375000000000000e+03
1.298562500000000000e+03
1.298812500000000000e+03
1.298875000000000000e+03
1.298812500000000000e+03
1.298687500000000000e+03
1.298562500000000000e+03
1.298437500000000000e+03
1.298375000000000000e+03
1.298250000000000000e+03
1.298187500000000000e+03
1.298187500000000000e+03
1.298187500000000000e+03
1.298250000000000000e+03
1.298312500000000000e+03
1.298312500000000000e+03
1.298562500000000000e+03
1.298687500000000000e+03
1.298750000000000000e+03
1.298875000000000000e+03
1.299000000000000000e+03
1.299000000000000000e+03
1.298875000000000000e+03
1.298687500000000000e+03
1.298687500000000000e+03
1.298625000000000000e+03
1.298562500000000000e+03
1.298500000000000000e+03
1.298437500000000000e+03
1.298437500000000000e+03
1.298562500000000000e+03
1.298375000000000000e+03
1.298375000000000000e+03
1.298437500000000000e+03
1.298562500000000000e+03
1.298562500000000000e+03
1.298562500000000000e+03
1.298375000000000000e+03
1.298312500000000000e+03
1.298375000000000000e+03
1.298625000000000000e+03
1.298562500000000000e+03
1.298375000000000000e+03
1.298312500000000000e+03
1.298437500000000000e+03
1.298625000000000000e+03
1.298625000000000000e+03
1.298562500000000000e+03
1.298562500000000000e+03
1.298437500000000000e+03
1.298312500000000000e+03
1.298312500000000000e+03
1.298312500000000000e+03
1.298250000000000000e+03
1.298312500000000000e+03
1.298375000000000000e+03
1.298375000000000000e+03
1.298375000000000000e+03
1.298312500000000000e+03
1.298250000000000000e+03
1.298250000000000000e+03
1.298250000000000000e+03
1.298312500000000000e+03
1.298437500000000000e+03
1.298625000000000000e+03
1.298687500000000000e+03
1.298562500000000000e+03
1.298375000000000000e+03
1.298437500000000000e+03
1.298375000000000000e+03
1.298375000000000000e+03
1.298437500000000000e+03
1.298687500000000000e+03
1.298687500000000000e+03
1.298750000000000000e+03
1.298875000000000000e+03
1.298937500000000000e+03
1.298937500000000000e+03
1.298875000000000000e+03
1.298812500000000000e+03
1.298687500000000000e+03
1.298812500000000000e+03
1.298812500000000000e+03
1.298687500000000000e+03
1.298500000000000000e+03
1.298562500000000000e+03
1.298625000000000000e+03
1.298625000000000000e+03
1.298687500000000000e+03
1.298687500000000000e+03
1.298750000000000000e+03
1.298750000000000000e+03
1.298625000000000000e+03
1.298562500000000000e+03
1.298500000000000000e+03
1.298437500000000000e+03
1.298437500000000000e+03
1.298562500000000000e+03
1.298687500000000000e+03
1.298562500000000000e+03
1.298437500000000000e+03
1.298500000000000000e+03
1.298500000000000000e+03
1.298375000000000000e+03
1.298250000000000000e+03
1.298250000000000000e+03
1.298375000000000000e+03
1.298437500000000000e+03
1.298375000000000000e+03
1.298312500000000000e+03
1.298250000000000000e+03
1.298312500000000000e+03
1.298437500000000000e+03
1.298625000000000000e+03
1.298625000000000000e+03
1.298625000000000000e+03
1.298687500000000000e+03
1.298812500000000000e+03
1.298812500000000000e+03
1.298750000000000000e+03
1.298750000000000000e+03
1.298750000000000000e+03
1.298750000000000000e+03
1.298625000000000000e+03
1.298312500000000000e+03
1.298250000000000000e+03
1.298312500000000000e+03
1.298312500000000000e+03
1.298250000000000000e+03
1.298250000000000000e+03
1.298312500000000000e+03
1.298375000000000000e+03
1.298500000000000000e+03
1.298812500000000000e+03
1.298937500000000000e+03
1.298812500000000000e+03
1.298750000000000000e+03
1.298562500000000000e+03
1.298250000000000000e+03
1.298187500000000000e+03
1.298250000000000000e+03
1.298437500000000000e+03
1.298437500000000000e+03
1.298062500000000000e+03
1.298000000000000000e+03
1.298062500000000000e+03
1.298187500000000000e+03
1.298500000000000000e+03
1.298687500000000000e+03
1.298937500000000000e+03
1.299187500000000000e+03
1.299375000000000000e+03
1.299312500000000000e+03
1.299312500000000000e+03
1.299250000000000000e+03
1.299250000000000000e+03
1.299375000000000000e+03
1.299437500000000000e+03
1.299500000000000000e+03
0.000000000000000000e+00
0.000000000000000000e+00
0.000000000000000000e+00
0.000000000000000000e+00
0.000000000000000000e+00
0.000000000000000000e+00
0.000000000000000000e+00
1.411500000000000000e+03
1.411000000000000000e+03
1.410812500000000000e+03
1.410625000000000000e+03
1.410437500000000000e+03
1.410250000000000000e+03
1.410312500000000000e+03
1.410562500000000000e+03
1.410812500000000000e+03
1.411062500000000000e+03
1.411250000000000000e+03
1.411500000000000000e+03
1.411937500000000000e+03
1.412000000000000000e+03
