0.000000000000000000e+00
0.000000000000000000e+00
0.000000000000000000e+00
0.000000000000000000e+00
0.000000000000000000e+00
0.000000000000000000e+00
0.000000000000000000e+00
0.000000000000000000e+00
0.000000000000000000e+00
0.000000000000000000e+00
0.000000000000000000e+00
0.000000000000000000e+00
0.000000000000000000e+00
0.000000000000000000e+00
0.000000000000000000e+00
0.000000000000000000e+00
0.000000000000000000e+00
0.000000000000000000e+00
0.000000000000000000e+00
0.000000000000000000e+00
0.000000000000000000e+00
0.000000000000000000e+00
0.000000000000000000e+00
0.000000000000000000e+00
0.000000000000000000e+00
0.000000000000000000e+00
0.000000000000000000e+00
0.000000000000000000e+00
0.000000000000000000e+00
0.000000000000000000e+00
0.000000000000000000e+00
0.000000000000000000e+00
0.000000000000000000e+00
0.000000000000000000e+00
0.000000000000000000e+00
0.000000000000000000e+00
0.000000000000000000e+00
0.000000000000000000e+00
0.000000000000000000e+00
0.000000000000000000e+00
0.000000000000000000e+00
0.000000000000000000e+00
0.000000000000000000e+00
0.000000000000000000e+00
0.000000000000000000e+00
0.000000000000000000e+00
0.000000000000000000e+00
0.000000000000000000e+00
0.000000000000000000e+00
0.000000000000000000e+00
0.000000000000000000e+00
0.000000000000000000e+00
0.000000000000000000e+00
0.000000000000000000e+00
0.000000000000000000e+00
0.000000000000000000e+00
0.000000000000000000e+00
0.000000000000000000e+00
0.000000000000000000e+00
0.000000000000000000e+00
0.000000000000000000e+00
0.000000000000000000e+00
0.000000000000000000e+00
0.000000000000000000e+00
0.000000000000000000e+00
0.000000000000000000e+00
0.000000000000000000e+00
0.000000000000000000e+00
0.000000000000000000e+00
0.000000000000000000e+00
0.000000000000000000e+00
0.000000000000000000e+00
0.000000000000000000e+00
0.000000000000000000e+00
0.000000000000000000e+00
0.000000000000000000e+00
0.000000000000000000e+00
0.000000000000000000e+00
0.000000000000000000e+00
0.000000000000000000e+00
0.000000000000000000e+00
0.000000000000000000e+00
0.000000000000000000e+00
0.000000000000000000e+00
0.000000000000000000e+00
0.000000000000000000e+00
0.000000000000000000e+00
0.000000000000000000e+00
0.000000000000000000e+00
0.000000000000000000e+00
0.000000000000000000e+00
0.000000000000000000e+00
0.000000000000000000e+00
0.000000000000000000e+00
0.000000000000000000e+00
0.000000000000000000e+00
0.000000000000000000e+00
0.000000000000000000e+00
0.000000000000000000e+00
0.000000000000000000e+00
0.000000000000000000e+00
0.000000000000000000e+00
0.000000000000000000e+00
0.000000000000000000e+00
0.000000000000000000e+00
0.000000000000000000e+00
0.000000000000000000e+00
0.000000000000000000e+00
0.000000000000000000e+00
0.000000000000000000e+00
0.000000000000000000e+00
0.000000000000000000e+00
0.000000000000000000e+00
0.000000000000000000e+00
0.000000000000000000e+00
0.000000000000000000e+00
0.000000000000000000e+00
0.000000000000000000e+00
0.000000000000000000e+00
0.000000000000000000e+00
0.000000000000000000e+00
0.000000000000000000e+00
0.000000000000000000e+00
0.000000000000000000e+00
0.000000000000000000e+00
0.000000000000000000e+00
0.000000000000000000e+00
0.000000000000000000e+00
0.000000000000000000e+00
0.000000000000000000e+00
0.000000000000000000e+00
0.000000000000000000e+00
0.000000000000000000e+00
0.000000000000000000e+00
0.000000000000000000e+00
0.000000000000000000e+00
0.000000000000000000e+00
0.000000000000000000e+00
0.000000000000000000e+00
0.000000000000000000e+00
0.000000000000000000e+00
0.000000000000000000e+00
0.000000000000000000e+00
0.000000000000000000e+00
0.000000000000000000e+00
0.000000000000000000e+00
0.000000000000000000e+00
0.000000000000000000e+00
0.000000000000000000e+00
0.000000000000000000e+00
0.000000000000000000e+00
0.000000000000000000e+00
0.000000000000000000e+00
0.000000000000000000e+00
0.000000000000000000e+00
0.000000000000000000e+00
0.000000000000000000e+00
0.000000000000000000e+00
0.000000000000000000e+00
0.000000000000000000e+00
0.000000000000000000e+00
0.000000000000000000e+00
0.000000000000000000e+00
0.000000000000000000e+00
0.000000000000000000e+00
0.000000000000000000e+00
0.000000000000000000e+00
0.000000000000000000e+00
0.000000000000000000e+00
0.000000000000000000e+00
0.000000000000000000e+00
0.000000000000000000e+00
0.000000000000000000e+00
0.000000000000000000e+00
0.000000000000000000e+00
0.000000000000000000e+00
0.000000000000000000e+00
0.000000000000000000e+00
0.000000000000000000e+00
0.000000000000000000e+00
0.000000000000000000e+00
0.000000000000000000e+00
0.000000000000000000e+00
0.000000000000000000e+00
0.000000000000000000e+00
0.000000000000000000e+00
0.000000000000000000e+00
0.000000000000000000e+00
1.419000000000000000e+03
1.418750000000000000e+03
1.419000000000000000e+03
1.419187500000000000e+03
1.419187500000000000e+03
1.418812500000000000e+03
1.418250000000000000e+03
1.418187500000000000e+03
1.418125000000000000e+03
1.418062500000000000e+03
1.417875000000000000e+03
1.417812500000000000e+03
1.418000000000000000e+03
1.418312500000000000e+03
1.418375000000000000e+03
1.418000000000000000e+03
1.417937500000000000e+03
1.418437500000000000e+03
1.418375000000000000e+03
1.418437500000000000e+03
1.418875000000000000e+03
1.419750000000000000e+03
1.419375000000000000e+03
1.417937500000000000e+03
1.417625000000000000e+03
1.417375000000000000e+03
1.417312500000000000e+03
1.417375000000000000e+03
1.417437500000000000e+03
1.417375000000000000e+03
1.417437500000000000e+03
1.417500000000000000e+03
1.417750000000000000e+03
1.417812500000000000e+03
1.417812500000000000e+03
1.418000000000000000e+03
1.418625000000000000e+03
1.418375000000000000e+03
1.418312500000000000e+03
1.418250000000000000e+03
1.418250000000000000e+03
1.418187500000000000e+03
1.418000000000000000e+03
1.417750000000000000e+03
1.417437500000000000e+03
1.417187500000000000e+03
1.417375000000000000e+03
1.417625000000000000e+03
1.417687500000000000e+03
1.417750000000000000e+03
1.417687500000000000e+03
1.417750000000000000e+03
1.417687500000000000e+03
1.418062500000000000e+03
1.418562500000000000e+03
1.418187500000000000e+03
1.418062500000000000e+03
1.418250000000000000e+03
1.418312500000000000e+03
1.418000000000000000e+03
1.417687500000000000e+03
1.417687500000000000e+03
1.417812500000000000e+03
1.418000000000000000e+03
1.418000000000000000e+03
1.418187500000000000e+03
1.418437500000000000e+03
1.418375000000000000e+03
1.418125000000000000e+03
1.417937500000000000e+03
1.418000000000000000e+03
1.418000000000000000e+03
1.418250000000000000e+03
1.418187500000000000e+03
1.418187500000000000e+03
1.418750000000000000e+03
1.419375000000000000e+03
1.419750000000000000e+03
1.419125000000000000e+03
1.418375000000000000e+03
1.418000000000000000e+03
1.417625000000000000e+03
1.417062500000000000e+03
1.416562500000000000e+03
1.417125000000000000e+03
1.417375000000000000e+03
1.417500000000000000e+03
1.417625000000000000e+03
1.417687500000000000e+03
1.417625000000000000e+03
1.417875000000000000e+03
1.417937500000000000e+03
1.417937500000000000e+03
1.418500000000000000e+03
1.418437500000000000e+03
1.418250000000000000e+03
1.417875000000000000e+03
1.417625000000000000e+03
1.417687500000000000e+03
1.417750000000000000e+03
1.417750000000000000e+03
1.417750000000000000e+03
1.417875000000000000e+03
1.417750000000000000e+03
1.417750000000000000e+03
1.417875000000000000e+03
1.418250000000000000e+03
1.418187500000000000e+03
1.418000000000000000e+03
1.417875000000000000e+03
1.417875000000000000e+03
1.417937500000000000e+03
1.417937500000000000e+03
1.418250000000000000e+03
1.418375000000000000e+03
1.418312500000000000e+03
1.418312500000000000e+03
1.417937500000000000e+03
1.417875000000000000e+03
1.417875000000000000e+03
1.418125000000000000e+03
1.418375000000000000e+03
1.418437500000000000e+03
1.418500000000000000e+03
1.418625000000000000e+03
1.418375000000000000e+03
1.418375000000000000e+03
1.418375000000000000e+03
1.418812500000000000e+03
1.418750000000000000e+03
1.418875000000000000e+03
1.418875000000000000e+03
1.419937500000000000e+03
1.420937500000000000e+03
1.420250000000000000e+03
1.419812500000000000e+03
1.419687500000000000e+03
1.419125000000000000e+03
1.418437500000000000e+03
1.418375000000000000e+03
1.417375000000000000e+03
1.417312500000000000e+03
1.417125000000000000e+03
1.416937500000000000e+03
1.417312500000000000e+03
1.417875000000000000e+03
1.418062500000000000e+03
1.418250000000000000e+03
1.418375000000000000e+03
1.418562500000000000e+03
1.418625000000000000e+03
1.417875000000000000e+03
1.417687500000000000e+03
1.418125000000000000e+03
1.418000000000000000e+03
1.417625000000000000e+03
1.417062500000000000e+03
1.416750000000000000e+03
1.416437500000000000e+03
1.415750000000000000e+03
1.414812500000000000e+03
1.414562500000000000e+03
1.414375000000000000e+03
1.414312500000000000e+03
1.414000000000000000e+03
1.413125000000000000e+03
1.412125000000000000e+03
1.411625000000000000e+03
1.410937500000000000e+03
1.410000000000000000e+03
1.409375000000000000e+03
1.409250000000000000e+03
1.409000000000000000e+03
1.408437500000000000e+03
1.407750000000000000e+03
1.407312500000000000e+03
1.407000000000000000e+03
1.406500000000000000e+03
1.406062500000000000e+03
1.405500000000000000e+03
1.405000000000000000e+03
1.404437500000000000e+03
1.403437500000000000e+03
1.402937500000000000e+03
1.402500000000000000e+03
1.402125000000000000e+03
1.401437500000000000e+03
1.400687500000000000e+03
1.400000000000000000e+03
1.400000000000000000e+03
1.399625000000000000e+03
1.399125000000000000e+03
1.398875000000000000e+03
1.398375000000000000e+03
1.397750000000000000e+03
1.396750000000000000e+03
1.396000000000000000e+03
1.395875000000000000e+03
1.395812500000000000e+03
1.395125000000000000e+03
1.393875000000000000e+03
1.393250000000000000e+03
1.392875000000000000e+03
1.392250000000000000e+03
1.391687500000000000e+03
1.391062500000000000e+03
1.390312500000000000e+03
1.389375000000000000e+03
1.388750000000000000e+03
1.388125000000000000e+03
1.387375000000000000e+03
1.387000000000000000e+03
1.387062500000000000e+03
1.386875000000000000e+03
1.386062500000000000e+03
1.384937500000000000e+03
1.384562500000000000e+03
1.384000000000000000e+03
1.383562500000000000e+03
1.383062500000000000e+03
1.382812500000000000e+03
1.382125000000000000e+03
1.381375000000000000e+03
1.381000000000000000e+03
1.380750000000000000e+03
1.379562500000000000e+03
1.379125000000000000e+03
1.378812500000000000e+03
1.377625000000000000e+03
1.376375000000000000e+03
1.376312500000000000e+03
1.376125000000000000e+03
1.375375000000000000e+03
1.374937500000000000e+03
1.374750000000000000e+03
1.374062500000000000e+03
1.373250000000000000e+03
1.372812500000000000e+03
1.372562500000000000e+03
1.372312500000000000e+03
1.371937500000000000e+03
1.371062500000000000e+03
1.370375000000000000e+03
1.370000000000000000e+03
1.369375000000000000e+03
1.368750000000000000e+03
1.368062500000000000e+03
1.367562500000000000e+03
1.367000000000000000e+03
1.366562500000000000e+03
1.366187500000000000e+03
1.365750000000000000e+03
1.364687500000000000e+03
1.363875000000000000e+03
1.363750000000000000e+03
1.364000000000000000e+03
1.363687500000000000e+03
1.362812500000000000e+03
1.362000000000000000e+03
1.361312500000000000e+03
1.360937500000000000e+03
1.360562500000000000e+03
1.359937500000000000e+03
1.359062500000000000e+03
1.358062500000000000e+03
1.357437500000000000e+03
1.357062500000000000e+03
1.356562500000000000e+03
1.355812500000000000e+03
1.354812500000000000e+03
1.354375000000000000e+03
1.354250000000000000e+03
1.353875000000000000e+03
1.353312500000000000e+03
1.352562500000000000e+03
1.351937500000000000e+03
1.351687500000000000e+03
1.351812500000000000e+03
1.351687500000000000e+03
1.350062500000000000e+03
1.349312500000000000e+03
1.348875000000000000e+03
1.348062500000000000e+03
1.347750000000000000e+03
1.347375000000000000e+03
1.346687500000000000e+03
1.346250000000000000e+03
1.346000000000000000e+03
1.345562500000000000e+03
1.344625000000000000e+03
1.343937500000000000e+03
1.343437500000000000e+03
1.343062500000000000e+03
1.342625000000000000e+03
1.342000000000000000e+03
1.341625000000000000e+03
1.341312500000000000e+03
1.340937500000000000e+03
1.340000000000000000e+03
1.339125000000000000e+03
1.338812500000000000e+03
1.338312500000000000e+03
1.337562500000000000e+03
1.336312500000000000e+03
1.335812500000000000e+03
1.335562500000000000e+03
1.334937500000000000e+03
1.334375000000000000e+03
1.334562500000000000e+03
1.334375000000000000e+03
1.333812500000000000e+03
1.332562500000000000e+03
1.332000000000000000e+03
1.331562500000000000e+03
1.331125000000000000e+03
1.330687500000000000e+03
1.330000000000000000e+03
1.329625000000000000e+03
1.328937500000000000e+03
1.328000000000000000e+03
1.327187500000000000e+03
1.326750000000000000e+03
1.326250000000000000e+03
1.325937500000000000e+03
1.325312500000000000e+03
1.325000000000000000e+03
1.324812500000000000e+03
1.325125000000000000e+03
1.325125000000000000e+03
1.325687500000000000e+03
1.326562500000000000e+03
1.327000000000000000e+03
1.327750000000000000e+03
1.328062500000000000e+03
1.328625000000000000e+03
1.329562500000000000e+03
1.329937500000000000e+03
1.329812500000000000e+03
1.330000000000000000e+03
1.330375000000000000e+03
1.330750000000000000e+03
1.331062500000000000e+03
1.332125000000000000e+03
1.332812500000000000e+03
1.333000000000000000e+03
1.333000000000000000e+03
1.333000000000000000e+03
1.333125000000000000e+03
1.333750000000000000e+03
1.334312500000000000e+03
1.334875000000000000e+03
1.334812500000000000e+03
1.334937500000000000e+03
1.335875000000000000e+03
1.337000000000000000e+03
1.337937500000000000e+03
1.338375000000000000e+03
1.338437500000000000e+03
1.339000000000000000e+03
1.339687500000000000e+03
1.339875000000000000e+03
1.340062500000000000e+03
1.340937500000000000e+03
1.341375000000000000e+03
1.341812500000000000e+03
1.342250000000000000e+03
1.342875000000000000e+03
1.343562500000000000e+03
1.343875000000000000e+03
1.344250000000000000e+03
1.344562500000000000e+03
1.345062500000000000e+03
1.346000000000000000e+03
1.346375000000000000e+03
1.346250000000000000e+03
1.346250000000000000e+03
1.346437500000000000e+03
1.346937500000000000e+03
1.347750000000000000e+03
1.348125000000000000e+03
1.348375000000000000e+03
1.348687500000000000e+03
1.348687500000000000e+03
1.349125000000000000e+03
1.350062500000000000e+03
1.350812500000000000e+03
1.351250000000000000e+03
1.351875000000000000e+03
1.352062500000000000e+03
1.352125000000000000e+03
1.352875000000000000e+03
1.354000000000000000e+03
1.354687500000000000e+03
1.354750000000000000e+03
1.354687500000000000e+03
1.354750000000000000e+03
1.355000000000000000e+03
1.355750000000000000e+03
1.356500000000000000e+03
1.357187500000000000e+03
1.357437500000000000e+03
1.357375000000000000e+03
1.357750000000000000e+03
1.358687500000000000e+03
1.359750000000000000e+03
1.360187500000000000e+03
1.360625000000000000e+03
1.361000000000000000e+03
1.361125000000000000e+03
1.361812500000000000e+03
1.362750000000000000e+03
1.363000000000000000e+03
1.363125000000000000e+03
1.363250000000000000e+03
1.363562500000000000e+03
1.364187500000000000e+03
1.364812500000000000e+03
1.365125000000000000e+03
1.365687500000000000e+03
1.366187500000000000e+03
1.366937500000000000e+03
1.367250000000000000e+03
1.367375000000000000e+03
1.367312500000000000e+03
1.368312500000000000e+03
1.369062500000000000e+03
1.369000000000000000e+03
1.369250000000000000e+03
1.369812500000000000e+03
1.370687500000000000e+03
1.370875000000000000e+03
1.370437500000000000e+03
1.370625000000000000e+03
1.371062500000000000e+03
1.372062500000000000e+03
1.373375000000000000e+03
1.373937500000000000e+03
1.374062500000000000e+03
1.374562500000000000e+03
1.375125000000000000e+03
1.375875000000000000e+03
1.376000000000000000e+03
1.376000000000000000e+03
1.376125000000000000e+03
1.376687500000000000e+03
1.377625000000000000e+03
1.377812500000000000e+03
1.378562500000000000e+03
1.380000000000000000e+03
1.380375000000000000e+03
1.380625000000000000e+03
1.380875000000000000e+03
1.381000000000000000e+03
1.381125000000000000e+03
1.381750000000000000e+03
1.382187500000000000e+03
1.382812500000000000e+03
1.383937500000000000e+03
1.384750000000000000e+03
1.385000000000000000e+03
1.384562500000000000e+03
1.384375000000000000e+03
1.384187500000000000e+03
1.384187500000000000e+03
1.385375000000000000e+03
1.386750000000000000e+03
1.387062500000000000e+03
1.388562500000000000e+03
1.389812500000000000e+03
1.390250000000000000e+03
1.390750000000000000e+03
1.390875000000000000e+03
1.390937500000000000e+03
1.391000000000000000e+03
1.391125000000000000e+03
1.391750000000000000e+03
1.392812500000000000e+03
1.393000000000000000e+03
1.393000000000000000e+03
1.393562500000000000e+03
1.395625000000000000e+03
1.396312500000000000e+03
1.397000000000000000e+03
1.397000000000000000e+03
1.395187500000000000e+03
1.394437500000000000e+03
1.394687500000000000e+03
1.395875000000000000e+03
1.396750000000000000e+03
1.397062500000000000e+03
1.397562500000000000e+03
1.398625000000000000e+03
1.399187500000000000e+03
1.399750000000000000e+03
1.400312500000000000e+03
1.400812500000000000e+03
1.401187500000000000e+03
1.401875000000000000e+03
1.402812500000000000e+03
1.403625000000000000e+03
1.404250000000000000e+03
1.404937500000000000e+03
1.405187500000000000e+03
1.405000000000000000e+03
1.404687500000000000e+03
1.404437500000000000e+03
1.404562500000000000e+03
1.405000000000000000e+03
1.406375000000000000e+03
1.406937500000000000e+03
1.406937500000000000e+03
1.407000000000000000e+03
1.407312500000000000e+03
1.408062500000000000e+03
1.408750000000000000e+03
1.409000000000000000e+03
1.409375000000000000e+03
1.409562500000000000e+03
1.409375000000000000e+03
1.410437500000000000e+03
1.413250000000000000e+03
1.413312500000000000e+03
1.413375000000000000e+03
1.413750000000000000e+03
1.414125000000000000e+03
1.415000000000000000e+03
1.415500000000000000e+03
1.415250000000000000e+03
1.415250000000000000e+03
1.415312500000000000e+03
1.415750000000000000e+03
1.416625000000000000e+03
1.417937500000000000e+03
1.418250000000000000e+03
1.418625000000000000e+03
1.418375000000000000e+03
1.418437500000000000e+03
1.418500000000000000e+03
1.418562500000000000e+03
1.418812500000000000e+03
1.418937500000000000e+03
1.419000000000000000e+03
1.419062500000000000e+03
1.419250000000000000e+03
1.419250000000000000e+03
1.419125000000000000e+03
1.419062500000000000e+03
1.419000000000000000e+03
1.418750000000000000e+03
1.418375000000000000e+03
1.418062500000000000e+03
1.418312500000000000e+03
1.418500000000000000e+03
1.418437500000000000e+03
1.418375000000000000e+03
1.418437500000000000e+03
1.418500000000000000e+03
1.418437500000000000e+03
1.418437500000000000e+03
1.418250000000000000e+03
1.418125000000000000e+03
1.418187500000000000e+03
1.418437500000000000e+03
1.418687500000000000e+03
1.418875000000000000e+03
1.418625000000000000e+03
1.418625000000000000e+03
1.418375000000000000e+03
1.418937500000000000e+03
1.419187500000000000e+03
1.419375000000000000e+03
1.419562500000000000e+03
1.419437500000000000e+03
1.419437500000000000e+03
1.419500000000000000e+03
1.419625000000000000e+03
1.419500000000000000e+03
1.419562500000000000e+03
1.419875000000000000e+03
1.419312500000000000e+03
1.419312500000000000e+03
1.419562500000000000e+03
1.419812500000000000e+03
1.420125000000000000e+03
1.420250000000000000e+03
1.419625000000000000e+03
1.419312500000000000e+03
1.419750000000000000e+03
1.420000000000000000e+03
1.419812500000000000e+03
1.419812500000000000e+03
1.419750000000000000e+03
1.419687500000000000e+03
1.419562500000000000e+03
1.419625000000000000e+03
1.419687500000000000e+03
1.419750000000000000e+03
1.419875000000000000e+03
1.419500000000000000e+03
1.419625000000000000e+03
1.419812500000000000e+03
1.419500000000000000e+03
1.419312500000000000e+03
1.418875000000000000e+03
1.418812500000000000e+03
1.419062500000000000e+03
1.419187500000000000e+03
1.419375000000000000e+03
1.419500000000000000e+03
1.419687500000000000e+03
1.419687500000000000e+03
1.419250000000000000e+03
1.418812500000000000e+03
1.418687500000000000e+03
1.418937500000000000e+03
1.419250000000000000e+03
1.419250000000000000e+03
1.418187500000000000e+03
1.418062500000000000e+03
1.418187500000000000e+03
1.418312500000000000e+03
1.418875000000000000e+03
1.418812500000000000e+03
1.418875000000000000e+03
1.418937500000000000e+03
1.418875000000000000e+03
1.418437500000000000e+03
1.418312500000000000e+03
1.418062500000000000e+03
1.417812500000000000e+03
1.417750000000000000e+03
1.417750000000000000e+03
1.417562500000000000e+03
1.416500000000000000e+03
1.415000000000000000e+03
1.409250000000000000e+03
1.406000000000000000e+03
1.403125000000000000e+03
1.400812500000000000e+03
1.399000000000000000e+03
1.397437500000000000e+03
1.396250000000000000e+03
1.394812500000000000e+03
1.393562500000000000e+03
1.392250000000000000e+03
1.390750000000000000e+03
1.389375000000000000e+03
1.388187500000000000e+03
1.387437500000000000e+03
1.387000000000000000e+03
1.386000000000000000e+03
1.384937500000000000e+03
1.384062500000000000e+03
1.383375000000000000e+03
1.383000000000000000e+03
1.382062500000000000e+03
1.381125000000000000e+03
1.380375000000000000e+03
1.379875000000000000e+03
1.379250000000000000e+03
1.378562500000000000e+03
1.378000000000000000e+03
1.377562500000000000e+03
1.376875000000000000e+03
1.376125000000000000e+03
1.375687500000000000e+03
1.375062500000000000e+03
1.374250000000000000e+03
1.373687500000000000e+03
1.373125000000000000e+03
1.372750000000000000e+03
1.372375000000000000e+03
1.372250000000000000e+03
1.371437500000000000e+03
1.371062500000000000e+03
1.370375000000000000e+03
1.369937500000000000e+03
1.369437500000000000e+03
1.369125000000000000e+03
1.368375000000000000e+03
1.367750000000000000e+03
1.367312500000000000e+03
1.367187500000000000e+03
1.367000000000000000e+03
1.366375000000000000e+03
1.366062500000000000e+03
1.365750000000000000e+03
1.365375000000000000e+03
1.365312500000000000e+03
1.364750000000000000e+03
1.364187500000000000e+03
1.363875000000000000e+03
1.363250000000000000e+03
1.362875000000000000e+03
1.362375000000000000e+03
1.362125000000000000e+03
1.362000000000000000e+03
1.361625000000000000e+03
1.361062500000000000e+03
1.360750000000000000e+03
1.360437500000000000e+03
1.360250000000000000e+03
1.360000000000000000e+03
1.359625000000000000e+03
1.359250000000000000e+03
1.359062500000000000e+03
1.358937500000000000e+03
1.358562500000000000e+03
1.358250000000000000e+03
1.358000000000000000e+03
1.357625000000000000e+03
1.357250000000000000e+03
1.356687500000000000e+03
1.356250000000000000e+03
1.356250000000000000e+03
1.356187500000000000e+03
1.356000000000000000e+03
1.355750000000000000e+03
1.355312500000000000e+03
1.355062500000000000e+03
1.354937500000000000e+03
1.354625000000000000e+03
1.354250000000000000e+03
1.353937500000000000e+03
1.353375000000000000e+03
1.353125000000000000e+03
1.353187500000000000e+03
1.353250000000000000e+03
1.353000000000000000e+03
1.352750000000000000e+03
1.352562500000000000e+03
1.352312500000000000e+03
1.352125000000000000e+03
1.351937500000000000e+03
1.351562500000000000e+03
1.351250000000000000e+03
1.351125000000000000e+03
1.351000000000000000e+03
1.350812500000000000e+03
1.350687500000000000e+03
1.350625000000000000e+03
1.350375000000000000e+03
1.350125000000000000e+03
1.350000000000000000e+03
1.349812500000000000e+03
1.349562500000000000e+03
1.349187500000000000e+03
1.349062500000000000e+03
1.349000000000000000e+03
1.348812500000000000e+03
1.348687500000000000e+03
1.348562500000000000e+03
1.348312500000000000e+03
1.348125000000000000e+03
1.348062500000000000e+03
1.348000000000000000e+03
1.347812500000000000e+03
1.347687500000000000e+03
1.347562500000000000e+03
1.347312500000000000e+03
1.347125000000000000e+03
1.347000000000000000e+03
1.347000000000000000e+03
1.347000000000000000e+03
1.346937500000000000e+03
1.346875000000000000e+03
1.346625000000000000e+03
1.346312500000000000e+03
1.346375000000000000e+03
1.346375000000000000e+03
1.346187500000000000e+03
1.346000000000000000e+03
1.345687500000000000e+03
1.345375000000000000e+03
1.345187500000000000e+03
1.345125000000000000e+03
1.345187500000000000e+03
1.345250000000000000e+03
1.345187500000000000e+03
1.345062500000000000e+03
1.345000000000000000e+03
1.345000000000000000e+03
1.344875000000000000e+03
1.344687500000000000e+03
1.344562500000000000e+03
1.344312500000000000e+03
1.344125000000000000e+03
1.344000000000000000e+03
1.344000000000000000e+03
1.344062500000000000e+03
1.344250000000000000e+03
1.344250000000000000e+03
1.344125000000000000e+03
1.344000000000000000e+03
1.344000000000000000e+03
1.343875000000000000e+03
1.343687500000000000e+03
1.343625000000000000e+03
1.343625000000000000e+03
1.343625000000000000e+03
1.343562500000000000e+03
1.343437500000000000e+03
1.343375000000000000e+03
1.343312500000000000e+03
1.343187500000000000e+03
1.343125000000000000e+03
1.343125000000000000e+03
1.343187500000000000e+03
1.343375000000000000e+03
1.343312500000000000e+03
1.343000000000000000e+03
1.342875000000000000e+03
1.342875000000000000e+03
1.342750000000000000e+03
1.342750000000000000e+03
1.342625000000000000e+03
1.342562500000000000e+03
1.342625000000000000e+03
1.342687500000000000e+03
1.342875000000000000e+03
1.343125000000000000e+03
1.343250000000000000e+03
1.343562500000000000e+03
1.343250000000000000e+03
1.342937500000000000e+03
1.342937500000000000e+03
1.343000000000000000e+03
1.343250000000000000e+03
1.343250000000000000e+03
1.343062500000000000e+03
1.343000000000000000e+03
1.343000000000000000e+03
1.343187500000000000e+03
1.343250000000000000e+03
1.343250000000000000e+03
1.343250000000000000e+03
1.343187500000000000e+03
1.343062500000000000e+03
1.343125000000000000e+03
1.343125000000000000e+03
1.343125000000000000e+03
1.343125000000000000e+03
1.343125000000000000e+03
1.343062500000000000e+03
1.343000000000000000e+03
1.343125000000000000e+03
1.343312500000000000e+03
1.343625000000000000e+03
1.343812500000000000e+03
1.343750000000000000e+03
1.343750000000000000e+03
1.343812500000000000e+03
1.343875000000000000e+03
1.343937500000000000e+03
1.344000000000000000e+03
1.344000000000000000e+03
1.343937500000000000e+03
1.343937500000000000e+03
1.343937500000000000e+03
1.344000000000000000e+03
1.344125000000000000e+03
1.344312500000000000e+03
1.344562500000000000e+03
1.344687500000000000e+03
1.344625000000000000e+03
1.344437500000000000e+03
1.344437500000000000e+03
1.344437500000000000e+03
1.344625000000000000e+03
1.344687500000000000e+03
1.344750000000000000e+03
1.344812500000000000e+03
1.344937500000000000e+03
1.345000000000000000e+03
1.345000000000000000e+03
1.345125000000000000e+03
1.345312500000000000e+03
1.345625000000000000e+03
1.345812500000000000e+03
1.345812500000000000e+03
1.345812500000000000e+03
1.345937500000000000e+03
1.346000000000000000e+03
1.346125000000000000e+03
1.346187500000000000e+03
1.346312500000000000e+03
1.346625000000000000e+03
1.346875000000000000e+03
1.346937500000000000e+03
1.347000000000000000e+03
1.347062500000000000e+03
1.347375000000000000e+03
1.347687500000000000e+03
1.347875000000000000e+03
1.348000000000000000e+03
1.348062500000000000e+03
1.348187500000000000e+03
1.348375000000000000e+03
1.348625000000000000e+03
1.348750000000000000e+03
1.349000000000000000e+03
1.349062500000000000e+03
1.349000000000000000e+03
1.349000000000000000e+03
1.349125000000000000e+03
1.349375000000000000e+03
1.349750000000000000e+03
1.349937500000000000e+03
1.350000000000000000e+03
1.350062500000000000e+03
1.350312500000000000e+03
1.350562500000000000e+03
1.350875000000000000e+03
1.351312500000000000e+03
1.351687500000000000e+03
1.351625000000000000e+03
1.351562500000000000e+03
1.351625000000000000e+03
1.351812500000000000e+03
1.351937500000000000e+03
1.352125000000000000e+03
1.352500000000000000e+03
1.352812500000000000e+03
1.353000000000000000e+03
1.353312500000000000e+03
1.353812500000000000e+03
1.354000000000000000e+03
1.354000000000000000e+03
1.354250000000000000e+03
1.354750000000000000e+03
1.355062500000000000e+03
1.355062500000000000e+03
1.355062500000000000e+03
1.355437500000000000e+03
1.355937500000000000e+03
1.356250000000000000e+03
1.356625000000000000e+03
1.356812500000000000e+03
1.357000000000000000e+03
1.357312500000000000e+03
1.357687500000000000e+03
1.357875000000000000e+03
1.358000000000000000e+03
1.358312500000000000e+03
1.358750000000000000e+03
1.359000000000000000e+03
1.359312500000000000e+03
1.359750000000000000e+03
1.360000000000000000e+03
1.360250000000000000e+03
1.360750000000000000e+03
1.361125000000000000e+03
1.361625000000000000e+03
1.362000000000000000e+03
1.362312500000000000e+03
1.362687500000000000e+03
1.363125000000000000e+03
1.363562500000000000e+03
1.363687500000000000e+03
1.363875000000000000e+03
1.364125000000000000e+03
1.364687500000000000e+03
1.365125000000000000e+03
1.365625000000000000e+03
1.366062500000000000e+03
1.366500000000000000e+03
1.367062500000000000e+03
1.367687500000000000e+03
1.368062500000000000e+03
1.368625000000000000e+03
1.369125000000000000e+03
1.369625000000000000e+03
1.370125000000000000e+03
1.370500000000000000e+03
1.371062500000000000e+03
1.371812500000000000e+03
1.372312500000000000e+03
1.372875000000000000e+03
1.373250000000000000e+03
1.373937500000000000e+03
1.374625000000000000e+03
1.375187500000000000e+03
1.375875000000000000e+03
1.376250000000000000e+03
1.376812500000000000e+03
1.377562500000000000e+03
1.378125000000000000e+03
1.378875000000000000e+03
1.379375000000000000e+03
1.379687500000000000e+03
1.380000000000000000e+03
1.381000000000000000e+03
1.382625000000000000e+03
1.383250000000000000e+03
1.383750000000000000e+03
1.439000000000000000e+03
1.438875000000000000e+03
1.385937500000000000e+03
1.386437500000000000e+03
1.387250000000000000e+03
1.388437500000000000e+03
1.389500000000000000e+03
1.390312500000000000e+03
1.391062500000000000e+03
1.391750000000000000e+03
1.392375000000000000e+03
1.420937500000000000e+03
1.420625000000000000e+03
1.420187500000000000e+03
1.419375000000000000e+03
1.418812500000000000e+03
1.418562500000000000e+03
1.417625000000000000e+03
1.415437500000000000e+03
1.415125000000000000e+03
1.415187500000000000e+03
1.415750000000000000e+03
1.415875000000000000e+03
1.415875000000000000e+03
1.416000000000000000e+03
1.416125000000000000e+03
1.416312500000000000e+03
1.416500000000000000e+03
1.416812500000000000e+03
1.417125000000000000e+03
1.417250000000000000e+03
1.417500000000000000e+03
1.417625000000000000e+03
1.417687500000000000e+03
1.417750000000000000e+03
1.417875000000000000e+03
1.417875000000000000e+03
1.417187500000000000e+03
1.417250000000000000e+03
1.417312500000000000e+03
1.417250000000000000e+03
1.417250000000000000e+03
1.417375000000000000e+03
1.417500000000000000e+03
1.417500000000000000e+03
1.417187500000000000e+03
1.417125000000000000e+03
1.416875000000000000e+03
1.416812500000000000e+03
1.416875000000000000e+03
1.417187500000000000e+03
1.417000000000000000e+03
1.416875000000000000e+03
1.416875000000000000e+03
1.417750000000000000e+03
1.417875000000000000e+03
1.417812500000000000e+03
1.418000000000000000e+03
1.418000000000000000e+03
1.418062500000000000e+03
1.417812500000000000e+03
1.417375000000000000e+03
1.417312500000000000e+03
1.416500000000000000e+03
1.416187500000000000e+03
1.416250000000000000e+03
1.416062500000000000e+03
1.416625000000000000e+03
1.417062500000000000e+03
1.416750000000000000e+03
1.416812500000000000e+03
1.416875000000000000e+03
1.416750000000000000e+03
1.416750000000000000e+03
1.417000000000000000e+03
1.416750000000000000e+03
1.416375000000000000e+03
1.416375000000000000e+03
1.416625000000000000e+03
1.416812500000000000e+03
1.416750000000000000e+03
1.416875000000000000e+03
1.416875000000000000e+03
1.416812500000000000e+03
1.416875000000000000e+03
1.416812500000000000e+03
1.416562500000000000e+03
1.416500000000000000e+03
1.416500000000000000e+03
1.416625000000000000e+03
1.416750000000000000e+03
1.416625000000000000e+03
1.416625000000000000e+03
1.416437500000000000e+03
1.417125000000000000e+03
1.416875000000000000e+03
1.416937500000000000e+03
1.417187500000000000e+03
1.417437500000000000e+03
1.417375000000000000e+03
1.417375000000000000e+03
1.417437500000000000e+03
1.417187500000000000e+03
1.417000000000000000e+03
1.417125000000000000e+03
1.417312500000000000e+03
1.417500000000000000e+03
1.417562500000000000e+03
1.417375000000000000e+03
1.417125000000000000e+03
1.416937500000000000e+03
1.417312500000000000e+03
1.417250000000000000e+03
1.417000000000000000e+03
1.416437500000000000e+03
1.415812500000000000e+03
1.416250000000000000e+03
1.416687500000000000e+03
1.416937500000000000e+03
1.417125000000000000e+03
1.417250000000000000e+03
1.417500000000000000e+03
1.417437500000000000e+03
1.417250000000000000e+03
1.417250000000000000e+03
1.417750000000000000e+03
1.417250000000000000e+03
1.359250000000000000e+03
1.359187500000000000e+03
1.359187500000000000e+03
1.359187500000000000e+03
1.359250000000000000e+03
1.359312500000000000e+03
1.359312500000000000e+03
1.359250000000000000e+03
1.359187500000000000e+03
1.359062500000000000e+03
1.359000000000000000e+03
1.358937500000000000e+03
1.358812500000000000e+03
1.358812500000000000e+03
1.358937500000000000e+03
1.359000000000000000e+03
1.359125000000000000e+03
1.359187500000000000e+03
1.359375000000000000e+03
1.359625000000000000e+03
1.359625000000000000e+03
1.359562500000000000e+03
1.359437500000000000e+03
1.359312500000000000e+03
1.359062500000000000e+03
1.358937500000000000e+03
1.359000000000000000e+03
1.359000000000000000e+03
1.359000000000000000e+03
1.358937500000000000e+03
1.358937500000000000e+03
1.359062500000000000e+03
1.359250000000000000e+03
1.359125000000000000e+03
1.359000000000000000e+03
1.359000000000000000e+03
1.359062500000000000e+03
1.359062500000000000e+03
1.359000000000000000e+03
1.359000000000000000e+03
1.359187500000000000e+03
1.359250000000000000e+03
1.359187500000000000e+03
1.359125000000000000e+03
1.359312500000000000e+03
1.359437500000000000e+03
1.359250000000000000e+03
1.359000000000000000e+03
1.359000000000000000e+03
1.359062500000000000e+03
1.359187500000000000e+03
1.359187500000000000e+03
1.359000000000000000e+03
1.358875000000000000e+03
1.358812500000000000e+03
1.358812500000000000e+03
1.358937500000000000e+03
1.359000000000000000e+03
1.359062500000000000e+03
1.359125000000000000e+03
1.359125000000000000e+03
1.359062500000000000e+03
1.359000000000000000e+03
1.359000000000000000e+03
1.359000000000000000e+03
1.359000000000000000e+03
1.359062500000000000e+03
1.359062500000000000e+03
1.359062500000000000e+03
1.359250000000000000e+03
1.359375000000000000e+03
1.359375000000000000e+03
1.359437500000000000e+03
1.359750000000000000e+03
1.359875000000000000e+03
1.359875000000000000e+03
1.359875000000000000e+03
1.359687500000000000e+03
1.359562500000000000e+03
1.359625000000000000e+03
1.359875000000000000e+03
1.360000000000000000e+03
1.360000000000000000e+03
1.359875000000000000e+03
1.359750000000000000e+03
1.359687500000000000e+03
1.359625000000000000e+03
1.359562500000000000e+03
1.359687500000000000e+03
1.359812500000000000e+03
1.359812500000000000e+03
1.359687500000000000e+03
1.359437500000000000e+03
1.359562500000000000e+03
1.359750000000000000e+03
1.359937500000000000e+03
1.360000000000000000e+03
1.360000000000000000e+03
1.360000000000000000e+03
1.359875000000000000e+03
1.359875000000000000e+03
1.360000000000000000e+03
1.360000000000000000e+03
1.359937500000000000e+03
1.360000000000000000e+03
1.360000000000000000e+03
1.359937500000000000e+03
1.359812500000000000e+03
1.359625000000000000e+03
1.359562500000000000e+03
1.359562500000000000e+03
1.359500000000000000e+03
1.359562500000000000e+03
1.359500000000000000e+03
1.359500000000000000e+03
1.359625000000000000e+03
1.359812500000000000e+03
1.360000000000000000e+03
1.359937500000000000e+03
1.359812500000000000e+03
1.359812500000000000e+03
1.359812500000000000e+03
1.359812500000000000e+03
1.359750000000000000e+03
1.359687500000000000e+03
1.359312500000000000e+03
1.359125000000000000e+03
1.359312500000000000e+03
1.359687500000000000e+03
1.359812500000000000e+03
1.359812500000000000e+03
1.359750000000000000e+03
1.359687500000000000e+03
1.359625000000000000e+03
1.359562500000000000e+03
1.359562500000000000e+03
1.359375000000000000e+03
1.359375000000000000e+03
1.359375000000000000e+03
1.359437500000000000e+03
1.359375000000000000e+03
1.359312500000000000e+03
1.359312500000000000e+03
1.359375000000000000e+03
1.359375000000000000e+03
1.359375000000000000e+03
1.359375000000000000e+03
1.359375000000000000e+03
1.359312500000000000e+03
1.359250000000000000e+03
1.359312500000000000e+03
1.359312500000000000e+03
1.359250000000000000e+03
1.359250000000000000e+03
1.359250000000000000e+03
1.359187500000000000e+03
1.359125000000000000e+03
1.359125000000000000e+03
1.359250000000000000e+03
1.359250000000000000e+03
1.359250000000000000e+03
1.359375000000000000e+03
1.359687500000000000e+03
1.359937500000000000e+03
1.359937500000000000e+03
1.359750000000000000e+03
1.359750000000000000e+03
1.359625000000000000e+03
1.359062500000000000e+03
1.358875000000000000e+03
1.358875000000000000e+03
1.359000000000000000e+03
1.359062500000000000e+03
1.359125000000000000e+03
1.359000000000000000e+03
1.359000000000000000e+03
1.359000000000000000e+03
1.359000000000000000e+03
1.359000000000000000e+03
1.359062500000000000e+03
1.359125000000000000e+03
1.359187500000000000e+03
1.359250000000000000e+03
1.359125000000000000e+03
1.359187500000000000e+03
1.359250000000000000e+03
1.359312500000000000e+03
1.359187500000000000e+03
1.359062500000000000e+03
1.359062500000000000e+03
1.359187500000000000e+03
1.359312500000000000e+03
1.359250000000000000e+03
1.359187500000000000e+03
1.359125000000000000e+03
1.359187500000000000e+03
1.359312500000000000e+03
1.359250000000000000e+03
1.359125000000000000e+03
1.359125000000000000e+03
1.359250000000000000e+03
1.359375000000000000e+03
1.359375000000000000e+03
1.359437500000000000e+03
1.359437500000000000e+03
1.359625000000000000e+03
1.359687500000000000e+03
1.359625000000000000e+03
1.359437500000000000e+03
1.359250000000000000e+03
1.359000000000000000e+03
1.359000000000000000e+03
1.359062500000000000e+03
1.359125000000000000e+03
1.359125000000000000e+03
1.359125000000000000e+03
1.359187500000000000e+03
1.359187500000000000e+03
1.359250000000000000e+03
1.359187500000000000e+03
1.359125000000000000e+03
1.359125000000000000e+03
1.359250000000000000e+03
1.359250000000000000e+03
1.359125000000000000e+03
1.359187500000000000e+03
1.359250000000000000e+03
1.359250000000000000e+03
1.359625000000000000e+03
1.360062500000000000e+03
1.360312500000000000e+03
1.360312500000000000e+03
1.360062500000000000e+03
1.414250000000000000e+03
1.414750000000000000e+03
1.414750000000000000e+03
1.414625000000000000e+03
1.414437500000000000e+03
1.414437500000000000e+03
1.414437500000000000e+03
1.414687500000000000e+03
1.415000000000000000e+03
1.415187500000000000e+03
1.415312500000000000e+03
1.415187500000000000e+03
1.415062500000000000e+03
1.414937500000000000e+03
1.414812500000000000e+03
1.414625000000000000e+03
1.414312500000000000e+03
1.413875000000000000e+03
1.413875000000000000e+03
1.414187500000000000e+03
1.414187500000000000e+03
1.414250000000000000e+03
1.414625000000000000e+03
1.414687500000000000e+03
1.414437500000000000e+03
1.414437500000000000e+03
1.414500000000000000e+03
1.414625000000000000e+03
1.414687500000000000e+03
1.414687500000000000e+03
1.414750000000000000e+03
1.414687500000000000e+03
1.414687500000000000e+03
1.414625000000000000e+03
1.414375000000000000e+03
1.414375000000000000e+03
1.414375000000000000e+03
1.413875000000000000e+03
1.413562500000000000e+03
1.412812500000000000e+03
1.413187500000000000e+03
1.413625000000000000e+03
1.413875000000000000e+03
1.414000000000000000e+03
1.414062500000000000e+03
1.414125000000000000e+03
1.414250000000000000e+03
1.414375000000000000e+03
1.414375000000000000e+03
1.414312500000000000e+03
1.414375000000000000e+03
1.414937500000000000e+03
1.415187500000000000e+03
1.415375000000000000e+03
1.416812500000000000e+03
1.416625000000000000e+03
1.415812500000000000e+03
1.415062500000000000e+03
1.414625000000000000e+03
1.414500000000000000e+03
1.414625000000000000e+03
1.414750000000000000e+03
1.415000000000000000e+03
1.414875000000000000e+03
1.414375000000000000e+03
1.414437500000000000e+03
1.414500000000000000e+03
1.414500000000000000e+03
1.414375000000000000e+03
1.415062500000000000e+03
1.415312500000000000e+03
1.415437500000000000e+03
1.415687500000000000e+03
1.416000000000000000e+03
1.416000000000000000e+03
1.416000000000000000e+03
1.415812500000000000e+03
1.415750000000000000e+03
1.414937500000000000e+03
1.414312500000000000e+03
1.413125000000000000e+03
1.413375000000000000e+03
1.414000000000000000e+03
1.414062500000000000e+03
1.414000000000000000e+03
1.414062500000000000e+03
1.414125000000000000e+03
1.414062500000000000e+03
1.414062500000000000e+03
1.414125000000000000e+03
1.414187500000000000e+03
1.414312500000000000e+03
1.414437500000000000e+03
1.414750000000000000e+03
1.415312500000000000e+03
1.415625000000000000e+03
1.415812500000000000e+03
1.416125000000000000e+03
1.416562500000000000e+03
1.417000000000000000e+03
1.417062500000000000e+03
1.417062500000000000e+03
1.416937500000000000e+03
1.416875000000000000e+03
1.416875000000000000e+03
1.417000000000000000e+03
1.417062500000000000e+03
1.417125000000000000e+03
1.417250000000000000e+03
1.417125000000000000e+03
1.416250000000000000e+03
1.415750000000000000e+03
1.415500000000000000e+03
1.415250000000000000e+03
1.415187500000000000e+03
1.415125000000000000e+03
1.415125000000000000e+03
1.414937500000000000e+03
1.415000000000000000e+03
1.415000000000000000e+03
1.414937500000000000e+03
1.414812500000000000e+03
1.415250000000000000e+03
1.415500000000000000e+03
1.415500000000000000e+03
1.415437500000000000e+03
1.415375000000000000e+03
1.415250000000000000e+03
1.415125000000000000e+03
1.415125000000000000e+03
1.302687500000000000e+03
1.302875000000000000e+03
1.303000000000000000e+03
1.303000000000000000e+03
1.302562500000000000e+03
1.302375000000000000e+03
1.302625000000000000e+03
1.302625000000000000e+03
1.302625000000000000e+03
1.302687500000000000e+03
1.303000000000000000e+03
1.303125000000000000e+03
1.303062500000000000e+03
1.303000000000000000e+03
1.302937500000000000e+03
1.302875000000000000e+03
1.302875000000000000e+03
1.302812500000000000e+03
1.302750000000000000e+03
1.302687500000000000e+03
1.302750000000000000e+03
1.302937500000000000e+03
1.303187500000000000e+03
1.303562500000000000e+03
1.303375000000000000e+03
1.303000000000000000e+03
1.302625000000000000e+03
1.302500000000000000e+03
1.302750000000000000e+03
1.302875000000000000e+03
1.302750000000000000e+03
1.302500000000000000e+03
1.302312500000000000e+03
1.335125000000000000e+03
1.335125000000000000e+03
1.302312500000000000e+03
1.302125000000000000e+03
1.302187500000000000e+03
1.302500000000000000e+03
1.302500000000000000e+03
1.334750000000000000e+03
1.334812500000000000e+03
1.334812500000000000e+03
1.302312500000000000e+03
1.334875000000000000e+03
1.334812500000000000e+03
1.302375000000000000e+03
1.302562500000000000e+03
1.302750000000000000e+03
1.302875000000000000e+03
1.302750000000000000e+03
1.302750000000000000e+03
1.302562500000000000e+03
1.335125000000000000e+03
1.302625000000000000e+03
1.302687500000000000e+03
1.335687500000000000e+03
1.335687500000000000e+03
1.335750000000000000e+03
1.335562500000000000e+03
1.335500000000000000e+03
1.335812500000000000e+03
1.302125000000000000e+03
1.302062500000000000e+03
1.302062500000000000e+03
1.302187500000000000e+03
1.302437500000000000e+03
1.302500000000000000e+03
1.302687500000000000e+03
1.302937500000000000e+03
1.303062500000000000e+03
1.303000000000000000e+03
1.302875000000000000e+03
1.302750000000000000e+03
1.386875000000000000e+03
1.386875000000000000e+03
1.386937500000000000e+03
1.302125000000000000e+03
1.302000000000000000e+03
1.302000000000000000e+03
1.302125000000000000e+03
1.302250000000000000e+03
1.302375000000000000e+03
1.302562500000000000e+03
1.302750000000000000e+03
1.302937500000000000e+03
1.303062500000000000e+03
1.303250000000000000e+03
1.303500000000000000e+03
1.303875000000000000e+03
1.303250000000000000e+03
1.302812500000000000e+03
1.302500000000000000e+03
1.302312500000000000e+03
1.302500000000000000e+03
1.302250000000000000e+03
1.386875000000000000e+03
1.386875000000000000e+03
1.302750000000000000e+03
1.302687500000000000e+03
1.302687500000000000e+03
1.302750000000000000e+03
1.302750000000000000e+03
1.302750000000000000e+03
1.302687500000000000e+03
1.302500000000000000e+03
1.302500000000000000e+03
1.302687500000000000e+03
1.302750000000000000e+03
1.302500000000000000e+03
1.302250000000000000e+03
1.302500000000000000e+03
1.336250000000000000e+03
1.303000000000000000e+03
1.302750000000000000e+03
1.302750000000000000e+03
1.302500000000000000e+03
1.335937500000000000e+03
1.335375000000000000e+03
1.335500000000000000e+03
1.335937500000000000e+03
1.302312500000000000e+03
1.302500000000000000e+03
1.302500000000000000e+03
1.302500000000000000e+03
1.302375000000000000e+03
1.302250000000000000e+03
1.302312500000000000e+03
1.302437500000000000e+03
1.302562500000000000e+03
1.336750000000000000e+03
1.336937500000000000e+03
1.337000000000000000e+03
1.302750000000000000e+03
1.302687500000000000e+03
1.302750000000000000e+03
1.302500000000000000e+03
1.302250000000000000e+03
1.302500000000000000e+03
1.302875000000000000e+03
1.302937500000000000e+03
1.302937500000000000e+03
1.303062500000000000e+03
1.303125000000000000e+03
1.303250000000000000e+03
1.303750000000000000e+03
1.303500000000000000e+03
1.303125000000000000e+03
1.303000000000000000e+03
1.303125000000000000e+03
1.303000000000000000e+03
1.302625000000000000e+03
1.302875000000000000e+03
1.302937500000000000e+03
1.302875000000000000e+03
1.302937500000000000e+03
1.303000000000000000e+03
1.303062500000000000e+03
1.303062500000000000e+03
1.303000000000000000e+03
1.303000000000000000e+03
1.303000000000000000e+03
1.302875000000000000e+03
1.302750000000000000e+03
1.302750000000000000e+03
1.302750000000000000e+03
1.302562500000000000e+03
1.302562500000000000e+03
1.337750000000000000e+03
1.302875000000000000e+03
1.302500000000000000e+03
1.302312500000000000e+03
1.302625000000000000e+03
1.302875000000000000e+03
1.302875000000000000e+03
1.302875000000000000e+03
1.302875000000000000e+03
1.302625000000000000e+03
1.302625000000000000e+03
1.302875000000000000e+03
1.302625000000000000e+03
1.337000000000000000e+03
1.336750000000000000e+03
1.336937500000000000e+03
1.336875000000000000e+03
1.336875000000000000e+03
1.336875000000000000e+03
1.337125000000000000e+03
1.303000000000000000e+03
1.303000000000000000e+03
1.302875000000000000e+03
1.302875000000000000e+03
1.302625000000000000e+03
1.303000000000000000e+03
1.303000000000000000e+03
1.302375000000000000e+03
1.337000000000000000e+03
1.302625000000000000e+03
1.303000000000000000e+03
1.303375000000000000e+03
1.303500000000000000e+03
1.303562500000000000e+03
1.303500000000000000e+03
1.303500000000000000e+03
1.303375000000000000e+03
1.302750000000000000e+03
1.302250000000000000e+03
1.302375000000000000e+03
1.303000000000000000e+03
1.303500000000000000e+03
1.303500000000000000e+03
1.303500000000000000e+03
0.000000000000000000e+00
0.000000000000000000e+00
1.304500000000000000e+03
1.305000000000000000e+03
1.304500000000000000e+03
1.304375000000000000e+03
1.304625000000000000e+03
1.304625000000000000e+03
1.305000000000000000e+03
1.305000000000000000e+03
1.303000000000000000e+03
0.000000000000000000e+00
0.000000000000000000e+00
0.000000000000000000e+00
0.000000000000000000e+00
0.000000000000000000e+00
0.000000000000000000e+00
0.000000000000000000e+00
0.000000000000000000e+00
0.000000000000000000e+00
0.000000000000000000e+00
1.411000000000000000e+03
1.410500000000000000e+03
1.410187500000000000e+03
1.410250000000000000e+03
1.410375000000000000e+03
1.410375000000000000e+03
1.410250000000000000e+03
1.410437500000000000e+03
1.410937500000000000e+03
1.411187500000000000e+03
1.411250000000000000e+03
1.411500000000000000e+03
1.412000000000000000e+03
1.412250000000000000e+03
