1.764052345967664026e+00
1.100157208367223305e+00
2.378737984105739223e+00
4.340893199201457442e+00
4.667557990149967750e+00
2.522722120123589207e+00
5.150088417525588547e+00
4.748642791702301302e+00
5.496781148206442147e+00
6.710598501938371818e+00
7.144043571160877626e+00
9.154273506962974594e+00
9.161037725146991662e+00
9.221675016492827837e+00
1.024386323274542399e+01
1.083367432737426661e+01
1.269407907315760475e+01
1.169484173623419743e+01
1.291306770165090079e+01
1.244590426069827416e+01
1.144701018416592220e+01
1.535361859544035923e+01
1.626443619885950298e+01
1.535783497959355515e+01
1.906975462398760612e+01
1.604563432540123458e+01
1.824575851730144649e+01
1.871281614997416654e+01
2.113277921435845386e+01
2.176935876990028262e+01
2.115494742569691766e+01
2.207816251960217357e+01
2.151221425236988694e+01
2.111920353177607268e+01
2.345208785067384483e+01
2.465634896910398055e+01
2.643029068072771892e+01
2.710237984878440898e+01
2.621267318259204515e+01
2.699769724942466098e+01
2.695144703493290805e+01
2.727998206282102345e+01
2.769372980937498596e+01
3.205077539523178842e+01
3.029034781824834255e+01
3.106192569838880857e+01
3.094720463995006909e+01
3.367749035583190675e+01
3.198610215244204369e+01
3.408725971978602587e+01
3.410453343880632104e+01
3.608690249785925630e+01
3.588919486243112544e+01
3.591936781587758531e+01
3.777181777166133969e+01
3.892833187053042110e+01
3.926651722238316466e+01
4.020247189773977681e+01
3.996567790631902994e+01
4.093725883401285870e+01
4.132753955222404585e+01
4.234044683845945656e+01
4.258685371795554175e+01
4.237371739766831524e+01
4.497742614225374780e+01
4.509821906379173839e+01
4.456980165303394870e+01
4.736278225552577226e+01
4.669270163561674991e+01
4.835194539579613604e+01
4.972909056217753943e+01
4.982898291075740360e+01
5.153940068454330259e+01
4.986517417964633836e+01
5.220234164117754716e+01
5.181518990905968991e+01
5.232920285081811329e+01
5.332115033523558623e+01
5.428844746787262210e+01
5.535616534222974394e+01
5.483485015921664285e+01
5.760082648695418328e+01
5.786566243973045687e+01
5.656375631372277013e+01
6.028825219379559996e+01
6.139588917603057894e+01
6.137877957115964733e+01
6.072007516418764794e+01
6.052924737848945114e+01
6.335445172693113136e+01
6.259682305302681016e+01
6.492244507038242318e+01
6.460827497807684949e+01
6.607663903648371218e+01
6.615636639717439493e+01
6.720657316819195159e+01
6.721050002072081497e+01
6.968587049390582422e+01
6.872691209270361412e+01
6.970198936344469587e+01
7.188315069705625149e+01
6.935224093885754826e+01
7.012951500151426387e+01
7.306939670815800980e+01
7.162687659488584302e+01
7.544362118564929176e+01
7.378638101924023829e+01
7.415254518855923038e+01
7.752294202648037924e+01
7.778051479143442748e+01
7.886755896042656389e+01
7.860604465827537979e+01
7.753877431494528594e+01
8.101006495309903244e+01
7.953199662904862066e+01
8.130245639579639771e+01
8.214725196777374094e+01
8.174498990690915434e+01
8.321407937034607016e+01
8.422220667156652496e+01
8.437642553115563260e+01
8.360059920941579037e+01
8.569823817420605394e+01
8.742638589668702309e+01
8.610543214026863268e+01
8.735036545967233224e+01
8.776484644827834813e+01
9.074926372847933465e+01
9.027229475701243189e+01
9.070746183624110870e+01
9.023008392555468049e+01
9.223924919129180466e+01
9.172566733934262118e+01
9.313183055827434487e+01
9.316415392162112141e+01
9.517643329494650573e+01
9.577659081661492735e+01
9.569170124442199210e+01
9.699600671266163943e+01
9.620693849126949715e+01
9.650874240729439180e+01
9.913939170126452893e+01
9.956667349537252676e+01
1.007350314368921005e+02
1.031831447748639334e+02
1.024444794869904172e+02
1.012871777745558290e+02
1.040170162880958458e+02
1.022840925894884663e+02
1.038384153951852937e+02
1.049317583946753700e+02
1.074133427216493573e+02
1.056552451779515565e+02
1.062735614613409751e+02
1.077015474755745714e+02
1.078365217136378931e+02
1.103266359221064903e+02
1.088200684916365617e+02
1.094525313475888879e+02
1.108621799552555700e+02
1.115019675493076932e+02
1.146295320538169733e+02
1.143494208069257496e+02
1.141875512413851794e+02
1.135745644811698298e+02
1.163443629764015270e+02
1.151997846526104183e+02
1.153552289032223825e+02
1.187880297923522903e+02
1.186169426119248413e+02
1.199208588237808044e+02
1.200187276529430136e+02
1.212568306119026857e+02
1.204489744066998469e+02
1.207657571582155356e+02
1.231815945182816137e+02
1.223965903358261471e+02
1.232104502222497899e+02
1.241444674964826476e+02
1.253174791590250550e+02
1.256460060887465033e+02
1.253250487065819669e+02
1.267563815971671062e+02
1.258765968477755735e+02
1.294252314510271731e+02
1.278979423443932575e+02
1.290956166605715509e+02
1.309521650792609933e+02
1.308604370036086948e+02
1.338430145954067143e+02
1.317071430902765599e+02
1.339670508693491797e+02
1.343607171817724861e+02
1.339319065022587836e+02
1.363232766605317465e+02
1.363284536687777404e+02
1.379717905512136440e+02
1.387235041539637166e+02
1.407632359492806700e+02
1.406365279494363847e+02
1.396308181620575510e+02
1.404606208224240618e+02
1.424996595958870955e+02
1.427552637307225893e+02
1.434401315260975878e+02
1.418830439556891747e+02
1.441756738756010634e+02
1.441619690907942868e+02
1.458799245990432212e+02
1.462018496103570158e+02
1.479101789080926039e+02
1.480172182151912921e+02
1.491863279621089475e+02
1.486335809032640611e+02
1.488555537440817318e+02
1.500899503067974479e+02
1.511829795861385435e+02
1.522791517355550468e+02
1.548593089506908598e+02
1.532577428483393476e+02
1.530440549995072104e+02
1.543540182243006029e+02
1.549364040253538803e+02
1.565814814737734650e+02
1.552592029855553619e+02
1.575632619942003316e+02
1.583565065379653731e+02
1.591321810362002509e+02
1.590026839310346247e+02
1.600620782702639815e+02
1.595759390910174602e+02
1.612066801166377843e+02
1.618571385239832523e+02
1.635160500462614266e+02
1.626438175681780649e+02
1.652811981017100038e+02
1.666944845444913597e+02
1.638300149749864545e+02
1.670262587307780962e+02
1.679769080350302204e+02
1.673625629744477692e+02
1.683027281856711852e+02
1.692671194224130318e+02
1.698022091205982633e+02
1.704909870309528515e+02
1.698239961936700126e+02
1.733523315647830998e+02
1.739796185920367861e+02
1.727866357407957878e+02
1.728335756721974690e+02
1.755210648764527548e+02
1.751242120301869249e+02
1.765419531633207555e+02
1.767806715828548931e+02
1.784915387510701805e+02
1.791947491436559972e+02
1.784744026215363988e+02
1.785166360446049225e+02
1.790170616026649100e+02
1.819103793791071837e+02
1.808111407422159687e+02
1.821931836457013105e+02
1.828036859615494620e+02
1.840474327037304363e+02
1.828637201941534727e+02
1.856887785967938385e+02
1.867238910238341987e+02
1.869884220870446256e+02
1.872891138283015096e+02
1.883974001662687670e+02
1.893990463456401301e+02
1.869274072435733274e+02
1.923559123082506801e+02
1.914900933226879260e+02
1.911475914176129720e+02
1.921090466248124073e+02
1.936937417773491745e+02
1.937838960609656169e+02
1.925693155322184964e+02
1.973644928613593095e+02
1.958894593427675375e+02
1.977201727117157759e+02
1.967079501522155738e+02
1.996363770542457985e+02
1.990863436888922706e+02
2.001088438344754650e+02
1.991547466338530228e+02
2.021111452896826677e+02
2.022898181645347790e+02
2.036018462295649840e+02
2.023719124403584146e+02
2.032189728815392016e+02
2.067039166976839226e+02
2.040399841772784555e+02
2.056640502993216728e+02
2.076368913626026824e+02
2.072977249677148563e+02
2.084829536797532796e+02
2.082005509707371118e+02
2.096700558878474965e+02
2.086934731482646725e+02
2.123581306796181707e+02
2.112818359548714113e+02
2.114198217960031343e+02
2.134663830820319106e+02
2.130392802126114589e+02
2.128657415285972263e+02
2.135532824942024206e+02
2.162937731526901359e+02
2.161404265618537295e+02
2.168662984403315477e+02
2.187777438059762574e+02
2.172731741912432426e+02
2.183693222471351589e+02
2.194151201908186977e+02
2.205943515893170854e+02
2.211578285487094035e+02
2.216131128076100651e+02
2.225383735979043536e+02
2.231926947237087973e+02
2.232803956114481991e+02
2.238870070114459168e+02
2.256745163577239168e+02
2.252090849170044748e+02
2.256426447408091178e+02
2.271877077488742884e+02
2.280423329838361610e+02
2.311567234972981737e+02
2.288952997241437686e+02
2.312432607249694740e+02
2.317471883342045942e+02
2.305110550447962510e+02
2.331732529774025693e+02
2.319161193598066859e+02
2.311408277620032550e+02
2.351063195243593498e+02
2.334441094165622701e+02
2.363509344618059060e+02
2.359159891022627846e+02
2.389595507961898591e+02
2.390685093993159853e+02
2.382466141961486130e+02
2.387121623889713078e+02
2.388859225969058855e+02
2.403590773677073855e+02
2.412196445048154487e+02
2.418353064556083041e+02
2.430567038552723318e+02
2.441785214977288661e+02
2.446496544569931473e+02
2.442358560760935404e+02
2.442622085261984068e+02
2.477645318481024503e+02
2.464105508154500512e+02
2.471477064000649762e+02
2.479788106876988536e+02
2.473569304498433326e+02
2.494220259959595012e+02
2.501203441859920531e+02
2.519203582983435012e+02
2.526984571491072984e+02
2.527037708890862575e+02
2.543318483741142870e+02
2.544399649838012465e+02
2.547843178883974247e+02
2.556609281682981987e+02
2.560093465064185807e+02
2.565051504859665101e+02
2.573322664631060093e+02
2.571719886685299912e+02
2.592804417053163206e+02
2.587068763890704304e+02
2.612416312640735896e+02
2.608505414198390326e+02
2.618494949816500821e+02
2.629938367762809435e+02
2.638433144650629174e+02
2.623293765913664970e+02
2.643930963238360050e+02
2.661801789120808053e+02
2.643018941805677287e+02
2.670872804753950618e+02
2.651444357705977950e+02
2.670774931563643690e+02
2.688386305518401400e+02
2.678432848976780178e+02
2.692144892623158512e+02
2.694281649925363809e+02
2.732481349322075062e+02
2.724642277554872862e+02
2.735672902778526918e+02
2.734773248994848132e+02
2.740465682512427747e+02
2.734835258113489544e+02
2.755081626372520986e+02
2.757385077881883717e+02
2.780579239242923109e+02
2.790411018666575274e+02
2.800665787155741668e+02
2.801525519394612047e+02
2.794013460630770282e+02
2.795841030140396128e+02
2.821666631816450490e+02
2.824562928174722742e+02
2.810314615493228985e+02
2.838554817927437739e+02
2.850145198224878413e+02
2.849589255891816038e+02
2.854149463289906521e+02
2.854923515123836069e+02
2.855534653004365850e+02
2.885002979493399948e+02
2.880908855552282830e+02
2.888665333384562928e+02
2.915327211869191046e+02
2.911845011068592157e+02
2.915708250012810936e+02
2.920420618051871884e+02
2.941199948607657575e+02
2.950195893074161404e+02
2.949295051114795001e+02
2.952822245913978918e+02
2.933053969287938116e+02
2.962237219142334652e+02
2.966698930458062478e+02
2.975939532293855905e+02
2.991430460873224888e+02
2.961603228328104365e+02
2.990306879465297811e+02
3.005699043549407179e+02
3.005331544539472475e+02
3.002830938868737576e+02
3.032689634868967801e+02
3.033768719058460874e+02
3.028288954295554731e+02
3.048148172045158049e+02
3.060215857120497844e+02
3.059052926462993582e+02
3.074005648034309388e+02
3.073782601751616426e+02
3.076047710173456267e+02
3.075405794836000837e+02
3.093140692330283628e+02
3.102942929380457144e+02
3.116758327615872872e+02
3.113848925315127758e+02
3.126574156062209795e+02
3.119353879862662211e+02
3.128173708441724443e+02
3.141896107009730486e+02
3.139453715360149886e+02
3.165202478373246890e+02
3.168631303293186079e+02
3.173790957643924457e+02
3.181389041252159018e+02
3.205210435614848166e+02
3.187311358120331874e+02
3.176985587144994270e+02
3.207993001968964109e+02
3.212493964590382802e+02
3.214824809574895994e+02
3.217211701406412203e+02
3.229608104781978568e+02
3.242813384292177830e+02
3.242971832993574139e+02
3.279124536795437734e+02
3.252394956183668455e+02
3.261068826372923013e+02
3.253113799599854588e+02
3.285514844150214913e+02
3.269835933722002324e+02
3.291605453666255130e+02
3.301243294654394163e+02
3.303902720341530994e+02
3.335388726774544921e+02
3.334943943913154953e+02
3.345191368763015589e+02
3.330175811814500548e+02
3.357285940645145388e+02
3.357960009463438951e+02
3.367714059486768292e+02
3.377294388287827474e+02
3.364912367540409264e+02
3.376756823790220778e+02
3.396625960113283895e+02
3.368443809070250836e+02
3.417133280825731845e+02
3.414531320642075798e+02
3.415542960393397038e+02
3.425205076557571147e+02
3.419700647166910130e+02
3.433500566354109083e+02
3.455002843382203537e+02
3.463980219723262053e+02
3.484962240525635480e+02
3.464260753337196093e+02
3.465414470331949701e+02
3.473857660340599978e+02
3.475819581247126280e+02
3.492221452440591065e+02
3.503827324300122541e+02
3.506657577194680471e+02
3.524963468456657552e+02
3.518657841986554331e+02
3.524525493475014173e+02
3.529187315231396838e+02
3.525673654737655056e+02
3.533322322756915241e+02
3.544208420693622656e+02
3.576014280716647136e+02
3.578952602728899137e+02
3.590749640663929654e+02
3.570677883454054609e+02
3.571313753102139685e+02
3.591399436798658940e+02
3.606758189532960159e+02
3.616986902749098363e+02
3.629479721559680456e+02
3.628842796708071887e+02
3.650426687806555606e+02
3.637773943190516661e+02
3.637869207819582016e+02
3.637187817845055520e+02
3.652110286419045337e+02
3.670421179609850810e+02
3.666112797426463885e+02
3.691367424635352563e+02
3.703123277060374221e+02
3.672304130947733825e+02
3.711640523004975876e+02
3.687603959413382881e+02
3.721014990550903008e+02
3.736248705641936567e+02
3.731648561063435636e+02
3.725203108267957077e+02
3.739145687957222322e+02
3.749383545542891056e+02
3.757177552162100369e+02
3.763971031592333247e+02
3.771901172206906381e+02
3.782134800489101849e+02
3.774914263462667918e+02
3.791579801701297470e+02
3.816182611703556518e+02
3.804153545768574531e+02
3.810561639068448017e+02
3.832781973037142507e+02
3.803408153336558826e+02
3.847813786012882247e+02
3.836680962419947605e+02
3.851639285724525621e+02
3.857963213559211795e+02
3.873424681192203707e+02
3.868324052537645912e+02
3.871219742184355255e+02
3.897978457906510812e+02
3.868358261828587956e+02
3.899203341817052433e+02
3.892520745773708200e+02
3.905384266117433754e+02
3.940112566814631236e+02
3.926554045735441036e+02
3.935950696971513594e+02
3.923184371442943643e+02
3.940709553412052628e+02
3.956965574007288069e+02
3.965547576931132312e+02
3.975168865543932384e+02
3.976086278989175185e+02
3.988270042084546390e+02
3.994537819126356908e+02
3.978702595889954523e+02
4.004370057219101113e+02
4.018679024077326858e+02
4.023898798207344498e+02
4.021361411900292069e+02
4.023943734924606019e+02
4.027816880756783462e+02
4.044689459884585290e+02
4.064330798795596706e+02
4.040481958985183724e+02
4.060401082702704798e+02
4.062601975445732023e+02
4.088849575212404943e+02
4.082456903734286584e+02
4.090293623418452285e+02
4.099830504300633152e+02
4.113453932508948014e+02
4.112076110018503527e+02
4.092538569452000274e+02
4.135433118913875319e+02
4.141390429576720180e+02
4.141804589716687701e+02
4.140159633793280136e+02
4.161517801106813295e+02
4.168792355335355637e+02
4.167299671172991111e+02
4.176832685294244243e+02
4.176698434974756537e+02
4.191214109079126047e+02
4.184495706549164993e+02
4.211173188210318017e+02
4.204556315091757028e+02
4.223381031478322711e+02
4.213940370837320302e+02
4.229099423541304645e+02
4.240895105949340405e+02
4.232393001881306986e+02
4.257151478731400402e+02
4.259208524371200042e+02
4.252576438021907848e+02
4.263967572458876703e+02
4.290051200840821366e+02
4.299955559855512774e+02
4.296680913602199894e+02
4.309047618120404763e+02
4.314238435633129143e+02
4.322296229821276938e+02
4.338859840070802534e+02
4.317930016017857042e+02
4.346764607323616474e+02
4.343179910444221719e+02
4.351757410657483547e+02
4.357977502695449061e+02
4.364248528833386445e+02
4.362738038082169965e+02
4.383833391992575912e+02
4.405709430327888185e+02
4.395438669795511828e+02
4.402986149572648742e+02
4.403127009628433370e+02
4.415825254535818658e+02
4.428661664260339990e+02
4.427297575592956491e+02
4.433461959589479306e+02
4.449032645401632635e+02
4.442819952301809394e+02
4.461524966270768573e+02
4.474203217972614084e+02
4.486599485416794550e+02
4.479096179927230423e+02
4.500675972398067302e+02
4.504344098864814896e+02
4.491037873596288819e+02
4.495820614884067936e+02
4.511950363621455153e+02
4.532289354925948146e+02
4.528277129924399560e+02
4.529993424423421970e+02
4.558522431800485037e+02
4.552869044880033016e+02
4.533794057242092208e+02
4.567171606262926389e+02
4.576200406145708257e+02
4.580256086544710570e+02
4.589497121002319204e+02
4.591327243910770335e+02
4.585816041303552311e+02
4.602292959967795127e+02
4.603543842044436474e+02
4.610672590892055496e+02
4.614369316508976908e+02
4.638524890926396438e+02
4.641978961454125852e+02
4.643518346373192571e+02
4.648506620722695288e+02
4.661765768949785524e+02
4.679791947281124749e+02
4.655957842845010646e+02
4.686768765208508398e+02
4.684542880259821800e+02
4.678154141550205622e+02
4.684542969168360287e+02
4.701872165058646829e+02
4.720195095557929790e+02
4.728930629339800475e+02
4.722610184273221989e+02
4.749170209914132101e+02
4.760229834965160762e+02
4.756960865849565039e+02
4.754085973321918459e+02
4.778244191845103614e+02
4.781553956956632874e+02
4.789674074113548841e+02
4.781435363250284354e+02
4.766654454947252475e+02
4.823167910214836525e+02
4.792891215965500464e+02
4.815642319281397477e+02
4.846807453512196844e+02
4.833305767562742972e+02
4.846492464735582075e+02
4.828976034306182896e+02
4.833223330452662481e+02
4.852672972080204090e+02
4.875907497344344392e+02
4.868537505523526647e+02
4.871053636789284838e+02
4.887979672899449497e+02
4.903819352184772242e+02
4.885550598009265855e+02
4.894894570058766590e+02
4.906113307454905907e+02
4.931946383747120422e+02
4.930348215259487006e+02
4.956321534105703677e+02
4.951364457258310949e+02
4.948649048231303027e+02
4.968650778380887232e+02
4.965114970127318088e+02
4.962950786474925167e+02
4.983799748442451119e+02
4.977036733461388849e+02
4.988096028991960793e+02
5.011277826959579329e+02
5.003987185137825691e+02
5.003968586126583773e+02
5.014356623085644742e+02
5.036217905855886556e+02
5.027474593265832254e+02
5.036131291531493162e+02
5.041897072603663332e+02
5.055839254943402921e+02
5.057145102396243601e+02
5.051981639510274249e+02
5.066128190581549120e+02
5.072672109584935356e+02
5.101433193844551397e+02
5.104126740421090176e+02
5.108872593793997794e+02
5.104946416827355051e+02
5.108842084580060146e+02
5.118924823983426222e+02
5.120481198974483732e+02
5.162972003915870118e+02
5.122546783516286268e+02
5.157640085350736854e+02
5.146154477020074864e+02
5.164956565085053626e+02
5.163119980575062300e+02
5.168223710375173141e+02
5.175598036990650144e+02
5.211549861537420156e+02
5.199670115776904140e+02
5.200342978055218737e+02
5.220557869640829267e+02
5.222103493145662014e+02
5.236200337593415952e+02
5.217757433440622208e+02
5.246036039044619201e+02
5.257726948371023354e+02
5.240384017088853170e+02
5.268481952844232410e+02
5.287961815728282318e+02
5.277851422966452901e+02
5.293214059370247924e+02
5.298705704503108791e+02
5.291924943024894219e+02
5.306397667345864875e+02
5.297330052891383048e+02
5.315486969628974521e+02
5.329656879749661584e+02
5.341231004937377520e+02
5.341246121252479497e+02
5.355199837301431671e+02
5.343970937870445823e+02
5.360983027254450235e+02
5.369192793845130609e+02
5.394495912466795744e+02
5.380858333437998908e+02
5.385009833620058544e+02
5.397213512238434987e+02
5.394808865551300414e+02
5.412927538490650932e+02
5.414349447834537159e+02
5.407086724519588188e+02
5.431414134488660466e+02
5.435824569060697513e+02
5.429675766979319178e+02
5.452328658453853905e+02
5.474893559620744554e+02
5.472213037482756590e+02
5.480119271927311502e+02
5.467585032744168529e+02
5.492768983689221614e+02
5.496484495813800777e+02
5.507290452383343791e+02
5.513226286217087591e+02
5.502402192744960985e+02
5.522585991884419627e+02
5.522421291395747858e+02
5.536499159057151473e+02
5.535025990730981675e+02
5.564124703671409407e+02
5.549410276115555689e+02
5.556010578435344769e+02
5.572745864065434489e+02
5.568229009305960062e+02
5.581753366975669906e+02
5.584700354024620310e+02
5.614111720638895804e+02
5.614858038268311020e+02
5.613425304815345953e+02
5.617087829478258527e+02
5.637409176145750962e+02
5.639052040803228465e+02
5.646980524046828123e+02
5.648738077626557015e+02
5.639117699722285124e+02
5.661875340174403846e+02
5.664675100807909303e+02
5.683450552734598205e+02
5.694118424329941490e+02
5.684420489552387608e+02
5.702683852342770479e+02
5.722358789976857452e+02
5.705322872794293971e+02
5.735819217400730849e+02
5.717474141528292648e+02
5.733229597556079398e+02
5.739888543881581882e+02
5.747114988998699801e+02
5.745623219580920704e+02
5.755088168962354302e+02
5.761322797136405143e+02
5.778269625954044386e+02
5.785300351145102695e+02
5.811259443317381965e+02
5.809709890062910063e+02
5.797901567578614959e+02
5.813248696157961604e+02
5.826971179807917451e+02
5.824306018243385097e+02
5.830303584215529327e+02
5.838515749427698438e+02
5.853672766288084404e+02
5.843516794771946934e+02
5.855743305311798395e+02
5.870704331448464472e+02
5.876114470715541529e+02
5.882395827598563756e+02
5.883301988336961585e+02
5.903725357891424892e+02
5.922338682472044411e+02
5.912064154936761042e+02
5.913068232984501265e+02
5.929557402888945035e+02
5.923608673632469390e+02
5.928503096552969964e+02
5.943328087476136261e+02
5.924172033670300834e+02
5.945460496363479024e+02
5.960520381440791198e+02
5.957466111418522132e+02
5.967673568981077779e+02
5.980632516625420294e+02
5.975570347064692669e+02
5.994939282037400972e+02
6.000647298354671193e+02
6.013254052083849501e+02
6.031541840304939797e+02
6.028725044164928022e+02
6.034210620213420952e+02
6.041994544570305834e+02
6.050273927751210294e+02
6.044832613513901833e+02
6.060852246752291421e+02
6.072087512418365804e+02
6.062292400174568456e+02
6.091656529228157524e+02
6.100813760344582306e+02
6.090686240115505825e+02
6.101586622085468434e+02
6.102218096571898514e+02
6.124993804835877427e+02
6.114387777125540424e+02
6.129775229897570625e+02
6.130410800921922601e+02
6.146509542770112375e+02
6.135057707285102424e+02
6.173264616423656435e+02
6.157353935757936370e+02
6.174598946831162039e+02
6.178874769552295447e+02
6.180378854880774497e+02
6.186122198633640892e+02
6.211363985435524455e+02
6.203743594068980656e+02
6.218711701846372080e+02
6.214985031146055690e+02
6.223528185681522018e+02
6.241722471500877418e+02
6.253304084961110902e+02
6.249246835976729244e+02
6.243780801283595565e+02
6.284979560797499971e+02
6.263434506917657245e+02
6.263584126003281654e+02
6.311944245877680260e+02
6.288959677061490083e+02
6.285382673117385366e+02
6.300165602332112940e+02
6.317675448960222866e+02
6.322903115575938955e+02
6.319482708027463786e+02
6.353227236001279152e+02
6.336784203220065592e+02
6.337153134095884752e+02
6.365606933984605575e+02
6.376290628465396821e+02
6.361825069023838068e+02
6.362986527069606382e+02
6.394304382674156386e+02
6.370526763869419256e+02
6.385733783406033126e+02
6.414674461500502503e+02
6.411446474519775620e+02
6.416360626514073147e+02
6.429528166064942525e+02
6.431472255764545025e+02
6.427013132778369027e+02
6.459760753460061551e+02
6.467250140528867632e+02
6.463053325637778244e+02
6.468451340154319951e+02
6.498396248060200833e+02
6.479235671549840845e+02
6.486404230181659614e+02
6.499644812492404071e+02
6.517713219561422875e+02
6.525927707544175291e+02
6.514414273683231613e+02
6.527083312459593571e+02
6.517219165329357793e+02
6.534880238920837883e+02
6.536597096045206854e+02
6.541931682477008962e+02
6.575815767162672500e+02
6.558077133381937074e+02
6.567683940919885117e+02
6.583658487879168888e+02
6.599978252669735639e+02
6.598811151263888632e+02
6.628593551140214686e+02
6.607253320217488408e+02
6.617587164402297049e+02
6.624756006739839904e+02
6.643350493867891373e+02
6.641072389511094798e+02
6.641837702996127746e+02
6.640525114050931279e+02
6.659444434559616184e+02
6.678013448312918854e+02
6.666896182063420611e+02
6.683289436184165879e+02
6.687461477886848797e+02
6.700635196583812103e+02
6.690952462593620567e+02
6.729466470305264920e+02
6.700208388929717103e+02
6.716344489100139299e+02
6.736380925409056317e+02
6.736967331724940777e+02
6.749299861590810679e+02
6.743038976660174058e+02
6.754251950173196519e+02
6.762122319836387305e+02
6.784692596145358721e+02
6.782904290243830019e+02
6.790966721083646007e+02
6.783420739074632593e+02
6.806688826385629909e+02
6.806255816635688234e+02
6.824891453156778880e+02
6.838140601549184794e+02
6.821932342239730360e+02
6.827936968695548785e+02
6.830359550088976448e+02
6.844564204882835838e+02
6.849179745510496105e+02
6.863595043995710512e+02
6.865554331830661567e+02
6.870384007192183162e+02
6.891645851361278119e+02
6.878621197688485154e+02
6.899331079531513069e+02
6.897940582728114123e+02
6.916243685048699490e+02
6.929852615467220858e+02
6.919969017465758725e+02
6.934410329072730974e+02
6.938787928657330895e+02
6.936005776004568588e+02
6.953407875097418582e+02
6.960891205052787427e+02
6.969128708204461873e+02
6.970016011031798371e+02
6.979941923003101465e+02
6.974523890551568002e+02
6.989418859245200792e+02
1.000000000000000000e+01
1.000000000000000000e+01
7.009776851758747398e+02
7.022047140294331484e+02
7.030280533251240058e+02
7.037014799467044668e+02
7.047407735853003032e+02
7.030819223696164499e+02
7.055506759298523320e+02
7.065390336012467287e+02
7.059996696510462471e+02
7.093739857070106609e+02
7.085615592672381808e+02
7.106634047450288563e+02
7.090094769781668447e+02
7.095926998784747184e+02
7.114242522209656272e+02
7.102213116371713113e+02
7.128149655906260023e+02
7.133972192320028398e+02
7.150156652815420557e+02
7.154010413411650688e+02
7.149825226501149018e+02
7.150025033452296839e+02
7.185123052213432402e+02
7.167078849794348798e+02
7.171544754429304476e+02
7.178151439405385190e+02
7.207173053155365778e+02
7.197810997955750736e+02
7.202462955338194206e+02
7.218376898259032259e+02
7.221930552894426683e+02
7.224219045392136422e+02
7.245539914669784594e+02
7.255653154920979659e+02
7.261853175089397610e+02
7.266669196696611834e+02
7.270026255311299792e+02
7.255241120000381443e+02
7.296692508063770219e+02
7.290019892103574648e+02
7.300081564276006247e+02
7.312149623229472581e+02
7.322333525028819849e+02
7.319183980113091366e+02
7.326355461592955862e+02
7.323007757225402656e+02
7.336330897511386411e+02
7.334458387391855467e+02
7.342800594678581092e+02
7.348064255976856884e+02
7.362439761090026877e+02
7.381490931879199024e+02
7.409709747732900951e+02
7.386894996375478968e+02
7.378515869122437607e+02
7.411649833298562271e+02
7.402992161235239337e+02
7.406393914060229235e+02
7.422098494779230577e+02
7.414593754004437187e+02
7.436224631640085363e+02
7.440116244768007618e+02
7.448983779068154263e+02
7.458814162542091708e+02
7.462674922572407468e+02
7.469163380841129083e+02
7.478843145189978259e+02
7.487154006261711174e+02
7.479685175396847399e+02
7.482700087413144274e+02
7.503383619478277069e+02
7.496672645100658201e+02
7.518875314709216582e+02
7.534387468756823409e+02
7.538071116719160045e+02
7.528518295931745570e+02
7.537397375480423989e+02
7.556283012950007105e+02
7.555987021948665188e+02
7.563833447049478309e+02
7.579969064812479473e+02
7.571127133065422186e+02
7.583987652900888179e+02
7.586999175239153601e+02
7.591568705019645904e+02
7.600429218113288243e+02
7.622774621693463359e+02
7.623518203894823273e+02
7.621208393711649478e+02
7.634688983924069134e+02
7.627611926928777848e+02
7.643666871924162933e+02
7.679495745348672244e+02
7.664097561503342604e+02
7.679316589270302984e+02
7.678345116248555087e+02
7.689481692352417213e+02
7.699632580896791296e+02
7.688953834024734988e+02
7.706690637427259389e+02
7.729788651944164712e+02
7.713044994499466611e+02
7.722335601462677914e+02
7.731923087226330153e+02
7.744690240731762287e+02
7.754249178636458737e+02
7.768674116548185111e+02
7.767994982334686256e+02
7.769379468742016570e+02
7.789591671296107052e+02
7.791041110221415238e+02
7.776043204837428675e+02
7.823263682403559187e+02
7.822699213881967353e+02
7.810317857772328125e+02
7.822779101017384846e+02
7.839243587499958039e+02
7.831277992073030418e+02
7.847303517903769716e+02
7.858045784735713823e+02
7.843851740922655154e+02
7.854976681464170269e+02
7.877214083978105919e+02
7.879608144771488014e+02
7.891237965603138491e+02
7.887674319853462066e+02
7.893109947890457079e+02
7.883013605244166229e+02
7.898539995734925014e+02
7.917470660946584076e+02
7.932245572195641898e+02
7.936311783665355506e+02
7.936717580259722808e+02
7.942282284335093436e+02
7.954171796326381809e+02
7.959782111810920924e+02
7.980045455149396503e+02
7.974464407704781479e+02
7.965187540378027506e+02
7.974274418649675908e+02
8.009187593369636033e+02
7.989288395385498234e+02
8.015644974530334821e+02
8.012316272647906317e+02
8.020302417060973994e+02
8.027658672172315164e+02
8.048213849594591238e+02
8.041071581714560352e+02
8.049666807171548726e+02
8.041691965026004709e+02
8.066066905117079386e+02
8.076310425069780194e+02
8.080391455806537806e+02
8.098978962610867711e+02
8.092551713547801455e+02
8.101989774561189961e+02
8.122485040102681069e+02
8.097499858106417605e+02
8.115441746522005815e+02
8.141261587520192506e+02
8.143361291483111017e+02
8.147783800988403300e+02
8.156326507394644523e+02
8.158270662091209715e+02
8.178315974275321878e+02
8.172777591697306434e+02
8.178398671058952232e+02
8.184589586741255971e+02
8.191928639555503651e+02
8.185429827191840104e+02
8.211706730544633501e+02
8.209695602662166038e+02
8.236219150978603238e+02
8.224243495294115291e+02
8.236209182841755592e+02
8.241466021862613616e+02
8.239744429648906134e+02
8.262921368285184371e+02
8.279050636405600017e+02
8.266852227803400410e+02
8.270995212144146080e+02
8.277449712689444823e+02
8.269076381066826116e+02
8.293221868562969803e+02
8.304509981160082361e+02
8.319547579251802745e+02
8.325600477411497877e+02
8.318835009175633104e+02
8.327231770052261481e+02
8.348239053056144030e+02
8.342265361029270707e+02
8.345899704602443308e+02
8.371925184494342602e+02
8.375375856670506209e+02
8.372187917917741515e+02
8.373062225522213566e+02
8.365881196807551987e+02
8.398897036055747094e+02
8.391036302774477917e+02
8.387372679908592090e+02
8.429848205273490294e+02
8.427479677910098417e+02
8.416609918068829757e+02
8.422855986170407050e+02
8.450709617821715938e+02
8.440220293834640870e+02
8.468961498675278108e+02
8.469164593126261025e+02
8.475365965205668317e+02
8.481046954556142055e+02
8.485914508720238700e+02
8.499805111991770445e+02
8.493459196374843714e+02
8.505859519734343621e+02
8.519519465876770710e+02
8.524629897185860727e+02
8.514050131947312821e+02
8.527995903326957432e+02
8.542528035054191378e+02
8.542919852909600422e+02
8.571746585609732847e+02
8.557068468052458456e+02
8.566377815524232346e+02
8.582694301781773447e+02
8.585305327432348577e+02
8.587547255427951995e+02
8.588435064711192126e+02
8.606015140573966846e+02
8.620390964403784437e+02
8.621790952240982051e+02
8.616218164785439058e+02
8.648367749569765692e+02
8.623534221099640718e+02
8.629173143581972454e+02
8.661605572244571931e+02
8.661258404786026404e+02
8.660505014536959152e+02
8.662014292724446705e+02
8.703207998392803120e+02
8.688170908721554042e+02
8.699342011708457676e+02
8.704178850972381269e+02
8.712348079577311637e+02
8.720400944605247560e+02
8.729324240097547545e+02
8.725247775992393144e+02
8.733083580136481032e+02
8.725589771916410200e+02
8.742196955934984999e+02
8.759711127964466186e+02
8.774450233755026147e+02
8.776990395263760547e+02
8.774593076561220641e+02
8.772368270879148895e+02
8.764226408545724780e+02
8.810517339747807455e+02
8.800107710134897161e+02
8.808515349937958945e+02
8.821315739679080252e+02
8.812944399526080588e+02
8.830502178198884167e+02
8.861234719497698507e+02
8.853053869385772714e+02
8.858592491565134424e+02
8.846175055220181775e+02
8.891436018945826163e+02
8.861772050913735939e+02
8.902223247554443333e+02
8.868849439848121392e+02
8.911053654387243341e+02
8.920180542690002312e+02
8.902755908786721193e+02
8.922225803722728870e+02
8.930474805721046323e+02
8.923862055167686549e+02
8.924508823892630289e+02
8.932822826568591381e+02
8.958410082199598037e+02
8.959148843974805914e+02
8.961356989666977597e+02
8.983667680111664140e+02
8.986080679093913659e+02
8.980445372736343188e+02
8.982987984809824411e+02
9.007232617386880520e+02
9.003624166314418744e+02
9.016992048625313600e+02
9.038762989726276373e+02
9.035023282400746893e+02
9.028377330002466579e+02
9.045606611898197116e+02
9.041473550471845329e+02
9.074085221559487309e+02
9.059384212503966864e+02
9.074072707469734951e+02
9.082077325746794259e+02
9.087592504683735797e+02
9.073414510448634474e+02
9.085535789360166063e+02
9.102476497244308575e+02
9.117194318333315550e+02
9.119622207857141802e+02
9.118428525268489011e+02
9.121515756808781816e+02
9.137984424555005489e+02
9.144315239553202446e+02
9.161128364575927208e+02
9.159736815378416850e+02
9.176027076564291747e+02
9.171053502302795550e+02
9.181440423307857372e+02
9.187519536203573125e+02
9.190176330330978089e+02
9.211251186564336422e+02
9.203864040029054649e+02
9.213783584900293135e+02
9.225268803540517411e+02
9.220026203440431800e+02
9.236750650416794315e+02
9.239886936402571109e+02
9.250118458075177159e+02
9.260400719973288233e+02
9.260000863768592581e+02
9.272799242201795096e+02
9.295086687523521505e+02
9.288742014417455266e+02
9.307452621730191140e+02
9.306464944420067695e+02
9.317741606098187503e+02
9.309255410312291588e+02
9.325049071650854557e+02
9.332339129226153318e+02
9.331873742611250009e+02
9.336771716757056083e+02
9.337097346120926886e+02
9.373961396369516024e+02
9.356275971106474572e+02
9.386462210732222502e+02
9.375325068263420007e+02
9.378375067002751848e+02
9.400225191403050076e+02
9.394688080582531029e+02
9.413684589189242615e+02
9.411671882351477052e+02
9.426804244961176664e+02
9.419318139360929081e+02
9.444313510579846707e+02
9.447879726826629394e+02
9.440803493099372190e+02
9.483429357210146691e+02
9.469401230264004425e+02
9.493904670705304625e+02
9.494002678187487163e+02
9.483111652197820831e+02
9.487877282453954422e+02
9.494965408165792269e+02
9.487699714495721537e+02
9.506041648806503872e+02
9.522467660239798306e+02
9.542259575608846944e+02
9.526272281170217866e+02
9.549820565993628634e+02
9.535474066584965840e+02
9.549136799747888062e+02
9.557423594057104310e+02
9.572718110814975034e+02
9.580573096467206824e+02
9.592623417448143073e+02
9.597708369604048357e+02
9.599431682154024656e+02
9.607903649435086209e+02
9.626885306910974123e+02
9.612890738187677471e+02
9.632747283190670942e+02
9.613918560735016854e+02
9.643113342428976011e+02
9.641167504575207658e+02
9.653025711824315067e+02
9.670400862450535442e+02
9.668646438095263420e+02
9.682851875412088702e+02
9.695737648151383610e+02
9.691890939688656772e+02
9.706710410646203400e+02
9.698734390223206674e+02
9.708917901177303520e+02
9.710773805836014390e+02
9.733429775946462996e+02
9.734140913537935376e+02
9.731927655381050499e+02
9.745546688336463603e+02
9.761415683888185413e+02
9.757607320089620089e+02
9.755510671891501033e+02
9.773319117557873597e+02
9.759194344089310107e+02
9.793687706443994330e+02
9.788786724126753143e+02
9.795306892637207739e+02
9.815756956787794252e+02
9.800348371227747748e+02
9.840470986428202878e+02
9.823197579582616754e+02
9.829767490566149490e+02
9.852212247431671130e+02
9.856086952731103565e+02
9.880512297190749678e+02
9.860887940163684107e+02
9.868795933613354237e+02
9.862206840200366287e+02
9.880678977226511961e+02
9.883785687044281758e+02
9.893512329868945017e+02
9.887558122434459165e+02
9.928606075598944471e+02
9.904833965175743060e+02
9.897977972016082049e+02
9.921115755784169323e+02
9.933961604472037834e+02
9.935504459367427899e+02
9.964983035407325360e+02
9.959621608214038133e+02
9.968253856044063923e+02
9.981103917643052910e+02
9.984860125269780156e+02
9.998785672974460113e+02
9.984905224463637978e+02
9.997524818993205145e+02
1.001665967146069420e+03
9.991654455379157298e+02
1.001024815520682751e+03
1.003600992232179806e+03
1.003319750965005028e+03
1.005436107550109568e+03
1.006009180296853060e+03
1.004701907119808993e+03
1.007006657087466806e+03
1.008501697855667430e+03
1.008147434401650912e+03
1.007722535122754039e+03
1.010279389941913337e+03
1.010735424526553857e+03
1.011342610783498799e+03
1.012215938893436828e+03
1.009205387139772256e+03
1.013780937561080918e+03
1.015408131810578880e+03
1.014736638474629217e+03
1.015192728996499568e+03
1.016396438673391344e+03
1.016738225473685134e+03
1.017751781261700557e+03
1.017801471000245328e+03
1.017733295145462989e+03
1.018195677287785315e+03
1.018901808271768118e+03
1.019226957449048996e+03
1.020232257988980791e+03
1.023761266127419731e+03
1.023454095663656176e+03
1.022774972609315341e+03
1.023709607306014391e+03
1.024912557530906497e+03
1.024844454970515699e+03
1.026267516857174314e+03
1.027677604137902790e+03
1.027564257266451705e+03
1.028636015742662039e+03
1.029886491539359668e+03
1.029427868243981948e+03
1.030684790599134203e+03
1.030790622407116643e+03
1.031771471130165537e+03
1.032175269734917038e+03
1.032671130146443829e+03
1.034073711852986889e+03
1.035166545315818212e+03
1.035446304446001022e+03
1.036498726958311863e+03
1.035962068219758748e+03
1.036196264807800162e+03
1.038517043502967454e+03
1.039487881391174597e+03
1.039549857266599929e+03
1.041548035780424698e+03
1.041807698797987769e+03
1.044280570840768860e+03
1.042099191486004202e+03
1.042001151203904556e+03
1.042959863209260448e+03
1.043834502193625212e+03
1.045576031383438021e+03
1.043641931436038703e+03
1.047818551018090830e+03
1.046960703408857626e+03
1.047653206442211058e+03
1.047520656833974954e+03
1.049185774448549864e+03
1.050013239767667528e+03
1.050578055072399820e+03
1.051739059255942266e+03
1.051510367958048846e+03
1.051904184239589085e+03
1.054048328130498021e+03
1.054298667453815824e+03
1.055097181055197325e+03
1.056659027254441980e+03
1.055277435608739324e+03
1.056144759542749171e+03
1.058957219650829074e+03
1.056917116642425754e+03
1.057790587853668967e+03
1.060617861831184882e+03
1.060738200192022077e+03
1.061305232137059420e+03
1.061808340591899423e+03
1.062631267547027392e+03
1.063207887885308082e+03
1.065355442702594473e+03
1.064301851871249937e+03
1.065238626463722085e+03
1.067894448805225011e+03
1.066827509702029829e+03
1.069732016389525143e+03
1.068095020298981126e+03
1.070267414982459968e+03
1.067944655961690160e+03
1.070453644460815667e+03
1.069415526436849177e+03
1.072544454306604621e+03
1.071187132183790936e+03
1.073383769554383207e+03
1.073517804123309588e+03
1.073341796814816007e+03
1.073580640017102269e+03
1.075388959536419861e+03
1.078340629445895274e+03
1.077006514945110666e+03
1.078917221542115840e+03
1.078642957132337642e+03
1.080276726773690370e+03
1.078273088621695479e+03
1.080396811693150312e+03
1.082449405523793303e+03
1.082036745051166690e+03
1.082813544717288778e+03
1.083169538088114223e+03
1.085449379383367159e+03
1.085297514353954966e+03
1.085744022276175201e+03
1.087043054545339146e+03
1.087688224929117951e+03
1.088012587046437602e+03
1.090047031496990940e+03
1.089139712466360606e+03
1.090178081047967908e+03
1.089957047446647039e+03
1.091450115227006108e+03
1.093587761523745257e+03
1.092056742398211099e+03
1.092266407174361348e+03
1.095096759642819734e+03
1.094651233847766207e+03
1.095596004204969859e+03
1.096154886696306448e+03
1.096979121723929438e+03
1.098450530683523311e+03
1.097460875809400704e+03
1.097988225915894418e+03
1.099784968137037595e+03
1.098793560310549992e+03
1.099726946463958029e+03
1.103666683148331686e+03
1.103257468330061329e+03
1.103189943528130698e+03
1.105138006935958401e+03
1.103559400769914873e+03
1.104984396876614028e+03
1.106623453609424359e+03
1.107590671681431104e+03
1.107912916846827557e+03
1.105558761192311749e+03
1.107831917882335347e+03
1.109977068092356831e+03
1.109844048506952959e+03
1.113440231620759050e+03
1.112526558300967054e+03
1.112858081880618556e+03
1.111883050446253264e+03
1.113664703260396891e+03
1.114641203964218903e+03
1.116227783630127760e+03
1.116681131097099524e+03
1.117532989194520042e+03
1.116276087984189871e+03
1.119312151698298521e+03
1.117219569247692561e+03
1.118764085438333723e+03
1.120430771134945644e+03
1.120550108408266624e+03
1.120393963142079429e+03
1.121278450174396767e+03
1.121251745677150893e+03
1.124031974639007103e+03
1.125460568845041962e+03
1.124799606496598471e+03
1.125199651184986578e+03
1.124827677071533572e+03
1.127913201924252235e+03
1.129911304333239286e+03
1.126602544195633072e+03
1.128036567061845290e+03
1.129120406957455771e+03
1.129935682090317414e+03
1.131427345950143263e+03
1.133514249547280087e+03
1.133608597286860004e+03
1.133827597382774229e+03
1.133276071295941392e+03
1.133580371766319331e+03
1.134603224693693619e+03
1.137648066801378718e+03
1.136738256698542045e+03
1.137053163746337304e+03
1.138016244269749905e+03
1.139724618219638387e+03
1.138287150325450057e+03
1.141714874135922400e+03
1.141156476256946235e+03
1.141483656021704064e+03
1.142842846113746646e+03
1.143318397073129745e+03
1.143455803543532511e+03
1.144247289327958470e+03
1.144331137453133806e+03
1.146556390750859237e+03
1.146068006190588676e+03
1.146343741577567698e+03
1.148165863522653581e+03
1.150029141282745286e+03
1.149351655376220151e+03
1.149491898743048296e+03
1.151203896020835828e+03
1.153436712462402511e+03
1.150748094470568049e+03
1.153282202787785081e+03
1.153805086625231752e+03
1.155461533803559178e+03
1.155990909173684940e+03
1.155513290888190113e+03
1.154715482744574956e+03
1.157906563767896159e+03
1.156964807309808521e+03
1.157553259589042909e+03
1.160348350580690976e+03
1.158989149622361310e+03
1.162002844740100045e+03
1.161635844721405192e+03
1.162319118400086381e+03
1.163007264780505466e+03
1.161761576374258084e+03
1.162323611383653315e+03
1.165015553053788608e+03
1.166068007359226385e+03
1.166282611032155955e+03
1.166078465482980391e+03
1.167618922103882142e+03
1.168217965846854440e+03
1.168042841901724614e+03
1.170713972154112071e+03
1.168669723938449806e+03
1.171688742406807478e+03
1.172184323405211217e+03
1.173509711854811712e+03
1.172194688127651034e+03
1.174001407146668043e+03
1.176771164949318063e+03
1.175962074288999702e+03
1.176100581208728954e+03
1.177239161274113940e+03
1.177486176842380019e+03
1.180290898013239712e+03
1.179783636195789086e+03
1.179414385045769450e+03
1.180452331431384437e+03
1.180509202003918745e+03
1.182809850126410311e+03
1.180893895228608926e+03
1.181395261470139076e+03
1.185158714749675710e+03
1.186553119792570442e+03
1.185568304907689480e+03
1.185912737941235719e+03
1.187157267690304707e+03
1.186552946473617112e+03
1.188071243545152129e+03
1.188638908705856011e+03
1.189926564250745287e+03
1.188442001471816639e+03
1.190192965230234449e+03
1.192244995603000689e+03
1.191424406172369800e+03
1.191806638624576863e+03
1.195542072149826936e+03
1.194238118000179156e+03
1.194321081860056665e+03
1.193907629562525699e+03
1.197029346346280363e+03
1.197699136153718655e+03
1.197401240399429980e+03
1.197297769809092870e+03
1.199075450576357525e+03
1.198964143932518255e+03
1.199557906411126851e+03
1.201096787248538021e+03
1.200848609601339831e+03
1.202846648955252249e+03
1.203907992509406313e+03
1.203160367552826756e+03
1.203331754904661466e+03
1.206961279598955571e+03
1.205159729764042595e+03
1.206140057294897588e+03
1.207713017167429825e+03
1.208799369372522051e+03
1.208643683106310164e+03
1.210060794327701160e+03
1.209899013842103614e+03
1.210028829335175715e+03
1.213126316860786801e+03
1.214888441614330986e+03
1.214795969533014159e+03
1.213941806639153356e+03
1.216333435361815646e+03
1.215555703515723735e+03
1.215422713729596580e+03
1.217066379574381926e+03
1.217205607493588786e+03
1.217016881816254227e+03
1.217801678028567721e+03
1.220202051738740465e+03
1.218253468018335298e+03
1.221404136740442709e+03
1.219870416397251574e+03
1.220078823555097415e+03
1.221061153396241252e+03
1.225566763971934733e+03
1.224103766035056424e+03
1.225086583180165462e+03
1.227119255045910677e+03
1.227334179748499537e+03
1.225708494730595703e+03
1.228669006342818648e+03
1.228684181264703511e+03
1.228858321902403986e+03
1.229924290914137600e+03
1.231879812020627924e+03
1.230414033517959069e+03
1.232400885679104022e+03
1.232690342763467015e+03
1.231602835384604305e+03
1.233297746828269055e+03
1.234993213553233545e+03
1.236797342089092808e+03
1.237201331017346547e+03
1.237497212504403251e+03
1.236784724338863498e+03
1.240101213990808446e+03
1.239215240467639660e+03
1.238693634478321201e+03
1.240217095019143017e+03
1.241996248425356043e+03
1.241807617498318223e+03
1.243386864686582840e+03
1.244303693957461974e+03
1.244300530684598471e+03
1.243742297376953047e+03
1.245435454663189830e+03
1.246045165855938876e+03
1.248559346333851408e+03
1.245773678062173076e+03
1.247965177548905558e+03
1.248215906453204980e+03
1.249835105620195918e+03
1.247762435640800504e+03
1.252014924559490055e+03
1.251613748487335442e+03
1.250455298836371867e+03
1.252638886865260247e+03
1.254308962341654251e+03
1.252808552124541848e+03
1.255103222216443100e+03
1.254742526352198411e+03
1.255944014968121110e+03
1.257226738382674512e+03
1.258083450253581532e+03
1.258129257501817165e+03
1.259572796389530140e+03
1.260817977607254761e+03
1.260421085724896557e+03
1.262831567757449193e+03
1.263562214170780408e+03
1.262371297934414088e+03
1.262862159443526480e+03
1.262535827014833558e+03
1.264773430668360561e+03
1.265236562219883808e+03
1.267079051220132897e+03
1.265490338393931779e+03
1.267422608608256724e+03
1.269368744393111001e+03
1.268369642904441889e+03
1.269037638463272287e+03
1.269053059665244291e+03
1.273820573846018078e+03
1.271152526821934543e+03
1.271299653167781571e+03
1.272496149595968518e+03
1.273225704919513191e+03
1.274430610221548477e+03
1.276225372232087466e+03
1.275801676831003988e+03
1.275877176685003178e+03
1.276048661501808965e+03
1.278221857358219722e+03
1.278942539074029582e+03
1.281130932351028832e+03
1.280392447735469659e+03
1.280900991688715976e+03
1.280649346163412247e+03
1.282094047424901419e+03
1.282661525541965375e+03
1.283429835835486301e+03
1.283540744607359329e+03
1.285738329603276043e+03
1.285757554582490457e+03
1.286399646519995031e+03
1.285585953883950879e+03
1.288493644087524899e+03
1.289187015325980155e+03
1.288560870597157646e+03
1.291090121383879023e+03
1.289435241769917411e+03
1.291478130091210915e+03
1.291928792660109593e+03
1.291582825211194177e+03
1.293789702612079964e+03
1.296002570152241788e+03
1.295067634230066915e+03
1.295236978245890668e+03
1.296847024156885482e+03
1.297205719995467007e+03
1.297827762131625377e+03
1.298074457787228539e+03
1.300621975559292196e+03
1.300356363363480568e+03
1.300071329341064484e+03
1.301191996163219073e+03
1.301259133295795891e+03
1.302091708849918405e+03
1.302759274275809730e+03
1.302965688406277650e+03
1.305577276963767872e+03
1.305208958536726868e+03
1.306754127578326688e+03
1.306229874102272561e+03
1.307539637505607516e+03
1.307588959403208946e+03
1.309719668170537261e+03
1.309451580693294773e+03
1.309669126414048378e+03
1.309458296771190135e+03
1.312075666549340667e+03
1.311791614947661856e+03
1.313184220782878810e+03
1.313408269891986265e+03
1.315554189580898765e+03
1.315844144752358034e+03
1.316447212087454773e+03
1.316083878876676408e+03
1.317866290043549952e+03
1.319814831608676059e+03
1.317967813965849928e+03
1.319672339139229280e+03
1.318550783025582632e+03
1.322298562092125394e+03
1.321202087901408959e+03
1.323082578880841993e+03
1.321276771749283625e+03
1.325497539387125698e+03
1.324043128471974342e+03
1.325645657323470004e+03
1.325950818206332542e+03
1.326244529213812257e+03
1.328885792302659183e+03
1.326251953793633675e+03
1.328898713659991927e+03
1.330210645672229930e+03
1.329970143878363615e+03
1.330581829215633206e+03
1.331257312287926425e+03
1.330872363579589546e+03
1.332838127384094832e+03
1.334012717523472475e+03
1.334268599227480536e+03
1.334627723898854811e+03
1.335110274977626887e+03
1.336020703330721517e+03
1.338257744217496111e+03
1.335613365020579295e+03
1.338440071456547685e+03
1.338772245082703421e+03
1.341255807951836687e+03
1.340555492225443913e+03
1.342684925598699692e+03
1.339776109981954278e+03
1.343059584904833855e+03
1.343580057860037641e+03
